0 1.04077
0.1 1.08313
0.2 1.12722
0.3 1.17309
0.4 1.22082
0.5 1.2705
0.6 1.32218
0.7 1.37596
0.8 1.43192
0.9 1.49015
1 1.55074
1.1 1.61378
1.2 1.67937
1.3 1.74762
1.4 1.81862
1.5 1.8925
1.6 1.96937
1.7 2.04934
1.8 2.13254
1.9 2.2191
2 2.30915
2.1 2.40283
2.2 2.50029
2.3 2.60168
2.4 2.70716
2.5 2.81687
2.6 2.93101
2.7 3.04973
2.8 3.17322
2.9 3.30167
3 3.43527
3.1 3.57424
3.2 3.71877
3.3 3.86908
3.4 4.02542
3.5 4.188
3.6 4.35708
3.7 4.5329
3.8 4.71574
3.9 4.90585
4 5.10354
4.1 5.30908
4.2 5.52279
4.3 5.74497
4.4 5.97595
4.5 6.21608
4.6 6.4657
4.7 6.72517
4.8 6.99486
4.9 7.27517
5 7.5665
5.1 7.86926
5.2 8.18389
5.3 8.51081
5.4 8.85051
5.5 9.20344
5.6 9.57011
5.7 9.951
5.8 10.3467
5.9 10.7576
6 11.1844
6.1 11.6277
6.2 12.0879
6.3 12.5658
6.4 13.0619
6.5 13.577
6.6 14.1116
6.7 14.6665
6.8 15.2423
6.9 15.8398
7 16.4597
7.1 17.1028
7.2 17.7699
7.3 18.4617
7.4 19.1791
7.5 19.9229
7.6 20.694
7.7 21.4933
7.8 22.3216
7.9 23.1799
8 24.0691
8.1 24.9901
8.2 25.944
8.3 26.9316
8.4 27.9541
8.5 29.0123
8.6 30.1073
8.7 31.2402
8.8 32.412
8.9 33.6237
9 34.8765
9.1 36.1713
9.2 37.5092
9.3 38.8914
9.4 40.3188
9.5 41.7925
9.6 43.3136
9.7 44.8831
9.8 46.5021
9.9 48.1716
10 49.8925
10.1 51.6659
10.2 53.4927
10.3 55.3738
10.4 57.3101
10.5 59.3025
10.6 61.3518
10.7 63.4587
10.8 65.6239
10.9 67.8481
11 70.1318
11.1 72.4757
11.2 74.8801
11.3 77.3455
11.4 79.872
11.5 82.4601
11.6 85.1096
11.7 87.8208
11.8 90.5935
11.9 93.4275
12 96.3226
12.1 99.2784
12.2 102.294
12.3 105.37
12.4 108.504
12.5 111.696
12.6 114.945
12.7 118.249
12.8 121.609
12.9 125.021
13 128.485
13.1 131.998
13.2 135.56
13.3 139.168
13.4 142.82
13.5 146.514
13.6 150.248
13.7 154.02
13.8 157.826
13.9 161.664
14 165.532
14.1 169.426
14.2 173.345
14.3 177.284
14.4 181.242
14.5 185.214
14.6 189.198
14.7 193.191
14.8 197.189
14.9 201.189
15 205.189
15.1 209.184
15.2 213.172
15.3 217.149
15.4 221.113
15.5 225.06
15.6 228.987
15.7 232.892
15.8 236.771
15.9 240.622
16 244.441
16.1 248.227
16.2 251.976
16.3 255.687
16.4 259.356
16.5 262.982
16.6 266.563
16.7 270.097
16.8 273.581
16.9 277.014
17 280.395
17.1 283.722
17.2 286.994
17.3 290.209
17.4 293.367
17.5 296.466
17.6 299.506
17.7 302.486
17.8 305.406
17.9 308.265
18 311.062
18.1 313.798
18.2 316.473
18.3 319.086
18.4 321.637
18.5 324.128
18.6 326.557
18.7 328.925
18.8 331.233
18.9 333.481
19 335.67
19.1 337.801
19.2 339.873
19.3 341.889
19.4 343.848
19.5 345.751
19.6 347.6
19.7 349.395
19.8 351.137
19.9 352.827
20 354.466
20.1 356.056
20.2 357.597
20.3 359.089
20.4 360.535
20.5 361.936
20.6 363.291
20.7 364.604
20.8 365.873
20.9 367.102
21 368.289
21.1 369.438
21.2 370.548
21.3 371.621
21.4 372.658
21.5 373.66
21.6 374.627
21.7 375.561
21.8 376.463
21.9 377.334
22 378.174
22.1 378.985
22.2 379.768
22.3 380.523
22.4 381.251
22.5 381.953
22.6 382.63
22.7 383.282
22.8 383.912
22.9 384.518
23 385.103
23.1 385.666
23.2 386.209
23.3 386.732
23.4 387.235
23.5 387.72
23.6 388.188
23.7 388.638
23.8 389.071
23.9 389.489
24 389.89
24.1 390.277
24.2 390.65
24.3 391.008
24.4 391.353
24.5 391.685
24.6 392.005
24.7 392.312
24.8 392.608
24.9 392.893
25 393.167
25.1 393.43
25.2 393.684
25.3 393.928
25.4 394.162
25.5 394.388
25.6 394.605
25.7 394.814
25.8 395.015
25.9 395.208
26 395.394
26.1 395.572
26.2 395.744
26.3 395.909
26.4 396.068
26.5 396.221
26.6 396.368
26.7 396.509
26.8 396.645
26.9 396.775
27 396.901
27.1 397.021
27.2 397.137
27.3 397.249
27.4 397.356
27.5 397.459
27.6 397.558
27.7 397.653
27.8 397.745
27.9 397.833
28 397.917
28.1 397.999
28.2 398.077
28.3 398.152
28.4 398.224
28.5 398.293
28.6 398.36
28.7 398.424
28.8 398.486
28.9 398.545
29 398.602
29.1 398.656
29.2 398.709
29.3 398.759
29.4 398.808
29.5 398.854
29.6 398.899
29.7 398.942
29.8 398.984
29.9 399.023
30 399.062
30.1 399.098
30.2 399.134
30.3 399.168
30.4 399.2
30.5 399.231
30.6 399.261
30.7 399.29
30.8 399.318
30.9 399.345
31 399.371
31.1 399.395
31.2 399.419
31.3 399.442
31.4 399.463
31.5 399.484
31.6 399.505
31.7 399.524
31.8 399.543
31.9 399.561
32 399.578
32.1 399.594
32.2 399.61
32.3 399.626
32.4 399.64
32.5 399.654
32.6 399.668
32.7 399.681
32.8 399.693
32.9 399.705
33 399.717
33.1 399.728
33.2 399.739
33.3 399.749
33.4 399.759
33.5 399.768
33.6 399.777
33.7 399.786
33.8 399.794
33.9 399.802
34 399.81
34.1 399.818
34.2 399.825
34.3 399.832
34.4 399.838
34.5 399.845
34.6 399.851
34.7 399.857
34.8 399.862
34.9 399.868
35 399.873
35.1 399.878
35.2 399.883
35.3 399.887
35.4 399.892
35.5 399.896
35.6 399.9
35.7 399.904
35.8 399.908
35.9 399.911
36 399.915
36.1 399.918
36.2 399.921
36.3 399.924
36.4 399.927
36.5 399.93
36.6 399.933
36.7 399.936
36.8 399.938
36.9 399.94
37 399.943
37.1 399.945
37.2 399.947
37.3 399.949
37.4 399.951
37.5 399.953
37.6 399.955
37.7 399.957
37.8 399.958
37.9 399.96
38 399.962
38.1 399.963
38.2 399.965
38.3 399.966
38.4 399.967
38.5 399.969
38.6 399.97
38.7 399.971
38.8 399.972
38.9 399.973
39 399.974
39.1 399.975
39.2 399.976
39.3 399.977
39.4 399.978
39.5 399.979
39.6 399.98
39.7 399.981
39.8 399.981
39.9 399.982
40 399.983
40.1 399.983
40.2 399.984
40.3 399.985
40.4 399.985
40.5 399.986
40.6 399.986
40.7 399.987
40.8 399.987
40.9 399.988
41 399.988
41.1 399.989
41.2 399.989
41.3 399.99
41.4 399.99
41.5 399.991
41.6 399.991
41.7 399.991
41.8 399.992
41.9 399.992
42 399.992
42.1 399.993
42.2 399.993
42.3 399.993
42.4 399.993
42.5 399.994
42.6 399.994
42.7 399.994
42.8 399.994
42.9 399.995
43 399.995
43.1 399.995
43.2 399.995
43.3 399.995
43.4 399.996
43.5 399.996
43.6 399.996
43.7 399.996
43.8 399.996
43.9 399.996
44 399.997
44.1 399.997
44.2 399.997
44.3 399.997
44.4 399.997
44.5 399.997
44.6 399.997
44.7 399.997
44.8 399.997
44.9 399.998
45 399.998
45.1 399.998
45.2 399.998
45.3 399.998
45.4 399.998
45.5 399.998
45.6 399.998
45.7 399.998
45.8 399.998
45.9 399.998
46 399.998
46.1 399.998
46.2 399.999
46.3 399.999
46.4 399.999
46.5 399.999
46.6 399.999
46.7 399.999
46.8 399.999
46.9 399.999
47 399.999
47.1 399.999
47.2 399.999
47.3 399.999
47.4 399.999
47.5 399.999
47.6 399.999
47.7 399.999
47.8 399.999
47.9 399.999
48 399.999
48.1 399.999
48.2 399.999
48.3 399.999
48.4 399.999
48.5 399.999
48.6 399.999
48.7 399.999
48.8 399.999
48.9 400
49 400
49.1 400
49.2 400
49.3 400
49.4 400
49.5 400
49.6 400
49.7 400
49.8 400
49.9 400
50 400
50.1 400
50.2 400
50.3 400
50.4 400
50.5 400
50.6 400
50.7 400
50.8 400
50.9 400
51 400
51.1 400
51.2 400
51.3 400
51.4 400
51.5 400
51.6 400
51.7 400
51.8 400
51.9 400
52 400
52.1 400
52.2 400
52.3 400
52.4 400
52.5 400
52.6 400
52.7 400
52.8 400
52.9 400
53 400
53.1 400
53.2 400
53.3 400
53.4 400
53.5 400
53.6 400
53.7 400
53.8 400
53.9 400
54 400
54.1 400
54.2 400
54.3 400
54.4 400
54.5 400
54.6 400
54.7 400
54.8 400
54.9 400
55 400
55.1 400
55.2 400
55.3 400
55.4 400
55.5 400
55.6 400
55.7 400
55.8 400
55.9 400
56 400
56.1 400
56.2 400
56.3 400
56.4 400
56.5 400
56.6 400
56.7 400
56.8 400
56.9 400
57 400
57.1 400
57.2 400
57.3 400
57.4 400
57.5 400
57.6 400
57.7 400
57.8 400
57.9 400
58 400
58.1 400
58.2 400
58.3 400
58.4 400
58.5 400
58.6 400
58.7 400
58.8 400
58.9 400
59 400
59.1 400
59.2 400
59.3 400
59.4 400
59.5 400
59.6 400
59.7 400
59.8 400
59.9 400
60 400
60.1 400
60.2 400
60.3 400
60.4 400
60.5 400
60.6 400
60.7 400
60.8 400
60.9 400
61 400
61.1 400
61.2 400
61.3 400
61.4 400
61.5 400
61.6 400
61.7 400
61.8 400
61.9 400
62 400
62.1 400
62.2 400
62.3 400
62.4 400
62.5 400
62.6 400
62.7 400
62.8 400
62.9 400
63 400
63.1 400
63.2 400
63.3 400
63.4 400
63.5 400
63.6 400
63.7 400
63.8 400
63.9 400
64 400
64.1 400
64.2 400
64.3 400
64.4 400
64.5 400
64.6 400
64.7 400
64.8 400
64.9 400
65 400
65.1 400
65.2 400
65.3 400
65.4 400
65.5 400
65.6 400
65.7 400
65.8 400
65.9 400
66 400
66.1 400
66.2 400
66.3 400
66.4 400
66.5 400
66.6 400
66.7 400
66.8 400
66.9 400
67 400
67.1 400
67.2 400
67.3 400
67.4 400
67.5 400
67.6 400
67.7 400
67.8 400
67.9 400
68 400
68.1 400
68.2 400
68.3 400
68.4 400
68.5 400
68.6 400
68.7 400
68.8 400
68.9 400
69 400
69.1 400
69.2 400
69.3 400
69.4 400
69.5 400
69.6 400
69.7 400
69.8 400
69.9 400
70 400
70.1 400
70.2 400
70.3 400
70.4 400
70.5 400
70.6 400
70.7 400
70.8 400
70.9 400
71 400
71.1 400
71.2 400
71.3 400
71.4 400
71.5 400
71.6 400
71.7 400
71.8 400
71.9 400
72 400
72.1 400
72.2 400
72.3 400
72.4 400
72.5 400
72.6 400
72.7 400
72.8 400
72.9 400
73 400
73.1 400
73.2 400
73.3 400
73.4 400
73.5 400
73.6 400
73.7 400
73.8 400
73.9 400
74 400
74.1 400
74.2 400
74.3 400
74.4 400
74.5 400
74.6 400
74.7 400
74.8 400
74.9 400
75 400
75.1 400
75.2 400
75.3 400
75.4 400
75.5 400
75.6 400
75.7 400
75.8 400
75.9 400
76 400
76.1 400
76.2 400
76.3 400
76.4 400
76.5 400
76.6 400
76.7 400
76.8 400
76.9 400
77 400
77.1 400
77.2 400
77.3 400
77.4 400
77.5 400
77.6 400
77.7 400
77.8 400
77.9 400
78 400
78.1 400
78.2 400
78.3 400
78.4 400
78.5 400
78.6 400
78.7 400
78.8 400
78.9 400
79 400
79.1 400
79.2 400
79.3 400
79.4 400
79.5 400
79.6 400
79.7 400
79.8 400
79.9 400
80 400
80.1 400
80.2 400
80.3 400
80.4 400
80.5 400
80.6 400
80.7 400
80.8 400
80.9 400
81 400
81.1 400
81.2 400
81.3 400
81.4 400
81.5 400
81.6 400
81.7 400
81.8 400
81.9 400
82 400
82.1 400
82.2 400
82.3 400
82.4 400
82.5 400
82.6 400
82.7 400
82.8 400
82.9 400
83 400
83.1 400
83.2 400
83.3 400
83.4 400
83.5 400
83.6 400
83.7 400
83.8 400
83.9 400
84 400
84.1 400
84.2 400
84.3 400
84.4 400
84.5 400
84.6 400
84.7 400
84.8 400
84.9 400
85 400
85.1 400
85.2 400
85.3 400
85.4 400
85.5 400
85.6 400
85.7 400
85.8 400
85.9 400
86 400
86.1 400
86.2 400
86.3 400
86.4 400
86.5 400
86.6 400
86.7 400
86.8 400
86.9 400
87 400
87.1 400
87.2 400
87.3 400
87.4 400
87.5 400
87.6 400
87.7 400
87.8 400
87.9 400
88 400
88.1 400
88.2 400
88.3 400
88.4 400
88.5 400
88.6 400
88.7 400
88.8 400
88.9 400
89 400
89.1 400
89.2 400
89.3 400
89.4 400
89.5 400
89.6 400
89.7 400
89.8 400
89.9 400
90 400
90.1 400
90.2 400
90.3 400
90.4 400
90.5 400
90.6 400
90.7 400
90.8 400
90.9 400
91 400
91.1 400
91.2 400
91.3 400
91.4 400
91.5 400
91.6 400
91.7 400
91.8 400
91.9 400
92 400
92.1 400
92.2 400
92.3 400
92.4 400
92.5 400
92.6 400
92.7 400
92.8 400
92.9 400
93 400
93.1 400
93.2 400
93.3 400
93.4 400
93.5 400
93.6 400
93.7 400
93.8 400
93.9 400
94 400
94.1 400
94.2 400
94.3 400
94.4 400
94.5 400
94.6 400
94.7 400
94.8 400
94.9 400
95 400
95.1 400
95.2 400
95.3 400
95.4 400
95.5 400
95.6 400
95.7 400
95.8 400
95.9 400
96 400
96.1 400
96.2 400
96.3 400
96.4 400
96.5 400
96.6 400
96.7 400
96.8 400
96.9 400
97 400
97.1 400
97.2 400
97.3 400
97.4 400
97.5 400
97.6 400
97.7 400
97.8 400
97.9 400
98 400
98.1 400
98.2 400
98.3 400
98.4 400
98.5 400
98.6 400
98.7 400
98.8 400
98.9 400
99 400
99.1 400
99.2 400
99.3 400
99.4 400
99.5 400
99.6 400
99.7 400
99.8 400
99.9 400
100 400
