0 1.01995
0.1 1.06064
0.2 1.10296
0.3 1.14695
0.4 1.1927
0.5 1.24027
0.6 1.28972
0.7 1.34115
0.8 1.39461
0.9 1.4502
1 1.508
1.1 1.56809
1.2 1.63057
1.3 1.69553
1.4 1.76306
1.5 1.83327
1.6 1.90627
1.7 1.98215
1.8 2.06105
1.9 2.14306
2 2.22833
2.1 2.31696
2.2 2.40911
2.3 2.50489
2.4 2.60446
2.5 2.70796
2.6 2.81554
2.7 2.92737
2.8 3.04361
2.9 3.16443
3 3.29
3.1 3.42052
3.2 3.55617
3.3 3.69715
3.4 3.84367
3.5 3.99594
3.6 4.15418
3.7 4.31863
3.8 4.48951
3.9 4.66707
4 4.85157
4.1 5.04328
4.2 5.24247
4.3 5.44942
4.4 5.66443
4.5 5.8878
4.6 6.11984
4.7 6.36089
4.8 6.61128
4.9 6.87136
5 7.1415
5.1 7.42205
5.2 7.71343
5.3 8.01602
5.4 8.33023
5.5 8.6565
5.6 8.99527
5.7 9.34699
5.8 9.71213
5.9 10.0912
6 10.4846
6.1 10.893
6.2 11.3169
6.3 11.7568
6.4 12.2132
6.5 12.6868
6.6 13.1782
6.7 13.688
6.8 14.2167
6.9 14.7652
7 15.334
7.1 15.9239
7.2 16.5355
7.3 17.1695
7.4 17.8268
7.5 18.5081
7.6 19.2142
7.7 19.9458
7.8 20.7039
7.9 21.4892
8 22.3026
8.1 23.1449
8.2 24.0172
8.3 24.9202
8.4 25.8549
8.5 26.8222
8.6 27.8232
8.7 28.8587
8.8 29.9297
8.9 31.0374
9 32.1825
9.1 33.3663
9.2 34.5896
9.3 35.8535
9.4 37.1591
9.5 38.5074
9.6 39.8994
9.7 41.3362
9.8 42.8188
9.9 44.3482
10 45.9254
10.1 47.5515
10.2 49.2275
10.3 50.9542
10.4 52.7328
10.5 54.564
10.6 56.4488
10.7 58.3881
10.8 60.3828
10.9 62.4335
11 64.541
11.1 66.7061
11.2 68.9294
11.3 71.2114
11.4 73.5528
11.5 75.9539
11.6 78.4151
11.7 80.9368
11.8 83.5192
11.9 86.1625
12 88.8666
12.1 91.6315
12.2 94.4571
12.3 97.3432
12.4 100.289
12.5 103.295
12.6 106.36
12.7 109.483
12.8 112.664
12.9 115.901
13 119.194
13.1 122.541
13.2 125.941
13.3 129.392
13.4 132.894
13.5 136.443
13.6 140.039
13.7 143.68
13.8 147.363
13.9 151.086
14 154.846
14.1 158.643
14.2 162.472
14.3 166.331
14.4 170.217
14.5 174.129
14.6 178.062
14.7 182.014
14.8 185.981
14.9 189.962
15 193.951
15.1 197.948
15.2 201.947
15.3 205.947
15.4 209.943
15.5 213.934
15.6 217.914
15.7 221.882
15.8 225.834
15.9 229.767
16 233.679
16.1 237.565
16.2 241.424
16.3 245.253
16.4 249.048
16.5 252.807
16.6 256.528
16.7 260.209
16.8 263.846
16.9 267.439
17 270.984
17.1 274.48
17.2 277.925
17.3 281.318
17.4 284.657
17.5 287.94
17.6 291.167
17.7 294.336
17.8 297.446
17.9 300.496
18 303.486
18.1 306.415
18.2 309.283
18.3 312.089
18.4 314.832
18.5 317.514
18.6 320.133
18.7 322.689
18.8 325.184
18.9 327.617
19 329.988
19.1 332.299
19.2 334.548
19.3 336.738
19.4 338.868
19.5 340.94
19.6 342.954
19.7 344.91
19.8 346.81
19.9 348.655
20 350.445
20.1 352.182
20.2 353.866
20.3 355.498
20.4 357.08
20.5 358.613
20.6 360.097
20.7 361.534
20.8 362.925
20.9 364.27
21 365.572
21.1 366.83
21.2 368.047
21.3 369.223
21.4 370.359
21.5 371.457
21.6 372.517
21.7 373.541
21.8 374.53
21.9 375.483
22 376.404
22.1 377.292
22.2 378.149
22.3 378.975
22.4 379.772
22.5 380.54
22.6 381.281
22.7 381.994
22.8 382.682
22.9 383.345
23 383.983
23.1 384.598
23.2 385.191
23.3 385.761
23.4 386.311
23.5 386.839
23.6 387.348
23.7 387.839
23.8 388.31
23.9 388.764
24 389.201
24.1 389.621
24.2 390.026
24.3 390.415
24.4 390.789
24.5 391.149
24.6 391.495
24.7 391.828
24.8 392.148
24.9 392.456
25 392.752
25.1 393.037
25.2 393.311
25.3 393.574
25.4 393.827
25.5 394.07
25.6 394.303
25.7 394.528
25.8 394.744
25.9 394.951
26 395.151
26.1 395.342
26.2 395.527
26.3 395.703
26.4 395.873
26.5 396.037
26.6 396.194
26.7 396.345
26.8 396.489
26.9 396.629
27 396.762
27.1 396.891
27.2 397.014
27.3 397.133
27.4 397.247
27.5 397.356
27.6 397.461
27.7 397.562
27.8 397.659
27.9 397.752
28 397.841
28.1 397.927
28.2 398.01
28.3 398.089
28.4 398.165
28.5 398.238
28.6 398.308
28.7 398.376
28.8 398.44
28.9 398.503
29 398.562
29.1 398.62
29.2 398.675
29.3 398.727
29.4 398.778
29.5 398.827
29.6 398.874
29.7 398.919
29.8 398.962
29.9 399.003
30 399.043
30.1 399.081
30.2 399.118
30.3 399.153
30.4 399.187
30.5 399.219
30.6 399.25
30.7 399.28
30.8 399.309
30.9 399.337
31 399.363
31.1 399.389
31.2 399.413
31.3 399.436
31.4 399.459
31.5 399.481
31.6 399.501
31.7 399.521
31.8 399.54
31.9 399.559
32 399.576
32.1 399.593
32.2 399.61
32.3 399.625
32.4 399.64
32.5 399.655
32.6 399.668
32.7 399.682
32.8 399.694
32.9 399.707
33 399.718
33.1 399.73
33.2 399.74
33.3 399.751
33.4 399.761
33.5 399.77
33.6 399.779
33.7 399.788
33.8 399.797
33.9 399.805
34 399.813
34.1 399.82
34.2 399.827
34.3 399.834
34.4 399.841
34.5 399.847
34.6 399.853
34.7 399.859
34.8 399.865
34.9 399.87
35 399.875
35.1 399.88
35.2 399.885
35.3 399.89
35.4 399.894
35.5 399.898
35.6 399.902
35.7 399.906
35.8 399.91
35.9 399.914
36 399.917
36.1 399.92
36.2 399.924
36.3 399.927
36.4 399.93
36.5 399.932
36.6 399.935
36.7 399.938
36.8 399.94
36.9 399.943
37 399.945
37.1 399.947
37.2 399.949
37.3 399.951
37.4 399.953
37.5 399.955
37.6 399.957
37.7 399.959
37.8 399.96
37.9 399.962
38 399.963
38.1 399.965
38.2 399.966
38.3 399.968
38.4 399.969
38.5 399.97
38.6 399.971
38.7 399.972
38.8 399.974
38.9 399.975
39 399.976
39.1 399.977
39.2 399.978
39.3 399.978
39.4 399.979
39.5 399.98
39.6 399.981
39.7 399.982
39.8 399.982
39.9 399.983
40 399.984
40.1 399.984
40.2 399.985
40.3 399.986
40.4 399.986
40.5 399.987
40.6 399.987
40.7 399.988
40.8 399.988
40.9 399.989
41 399.989
41.1 399.99
41.2 399.99
41.3 399.99
41.4 399.991
41.5 399.991
41.6 399.992
41.7 399.992
41.8 399.992
41.9 399.993
42 399.993
42.1 399.993
42.2 399.993
42.3 399.994
42.4 399.994
42.5 399.994
42.6 399.994
42.7 399.995
42.8 399.995
42.9 399.995
43 399.995
43.1 399.995
43.2 399.996
43.3 399.996
43.4 399.996
43.5 399.996
43.6 399.996
43.7 399.996
43.8 399.997
43.9 399.997
44 399.997
44.1 399.997
44.2 399.997
44.3 399.997
44.4 399.997
44.5 399.997
44.6 399.998
44.7 399.998
44.8 399.998
44.9 399.998
45 399.998
45.1 399.998
45.2 399.998
45.3 399.998
45.4 399.998
45.5 399.998
45.6 399.998
45.7 399.998
45.8 399.998
45.9 399.999
46 399.999
46.1 399.999
46.2 399.999
46.3 399.999
46.4 399.999
46.5 399.999
46.6 399.999
46.7 399.999
46.8 399.999
46.9 399.999
47 399.999
47.1 399.999
47.2 399.999
47.3 399.999
47.4 399.999
47.5 399.999
47.6 399.999
47.7 399.999
47.8 399.999
47.9 399.999
48 399.999
48.1 399.999
48.2 399.999
48.3 399.999
48.4 399.999
48.5 399.999
48.6 400
48.7 400
48.8 400
48.9 400
49 400
49.1 400
49.2 400
49.3 400
49.4 400
49.5 400
49.6 400
49.7 400
49.8 400
49.9 400
50 400
50.1 400
50.2 400
50.3 400
50.4 400
50.5 400
50.6 400
50.7 400
50.8 400
50.9 400
51 400
51.1 400
51.2 400
51.3 400
51.4 400
51.5 400
51.6 400
51.7 400
51.8 400
51.9 400
52 400
52.1 400
52.2 400
52.3 400
52.4 400
52.5 400
52.6 400
52.7 400
52.8 400
52.9 400
53 400
53.1 400
53.2 400
53.3 400
53.4 400
53.5 400
53.6 400
53.7 400
53.8 400
53.9 400
54 400
54.1 400
54.2 400
54.3 400
54.4 400
54.5 400
54.6 400
54.7 400
54.8 400
54.9 400
55 400
55.1 400
55.2 400
55.3 400
55.4 400
55.5 400
55.6 400
55.7 400
55.8 400
55.9 400
56 400
56.1 400
56.2 400
56.3 400
56.4 400
56.5 400
56.6 400
56.7 400
56.8 400
56.9 400
57 400
57.1 400
57.2 400
57.3 400
57.4 400
57.5 400
57.6 400
57.7 400
57.8 400
57.9 400
58 400
58.1 400
58.2 400
58.3 400
58.4 400
58.5 400
58.6 400
58.7 400
58.8 400
58.9 400
59 400
59.1 400
59.2 400
59.3 400
59.4 400
59.5 400
59.6 400
59.7 400
59.8 400
59.9 400
60 400
60.1 400
60.2 400
60.3 400
60.4 400
60.5 400
60.6 400
60.7 400
60.8 400
60.9 400
61 400
61.1 400
61.2 400
61.3 400
61.4 400
61.5 400
61.6 400
61.7 400
61.8 400
61.9 400
62 400
62.1 400
62.2 400
62.3 400
62.4 400
62.5 400
62.6 400
62.7 400
62.8 400
62.9 400
63 400
63.1 400
63.2 400
63.3 400
63.4 400
63.5 400
63.6 400
63.7 400
63.8 400
63.9 400
64 400
64.1 400
64.2 400
64.3 400
64.4 400
64.5 400
64.6 400
64.7 400
64.8 400
64.9 400
65 400
65.1 400
65.2 400
65.3 400
65.4 400
65.5 400
65.6 400
65.7 400
65.8 400
65.9 400
66 400
66.1 400
66.2 400
66.3 400
66.4 400
66.5 400
66.6 400
66.7 400
66.8 400
66.9 400
67 400
67.1 400
67.2 400
67.3 400
67.4 400
67.5 400
67.6 400
67.7 400
67.8 400
67.9 400
68 400
68.1 400
68.2 400
68.3 400
68.4 400
68.5 400
68.6 400
68.7 400
68.8 400
68.9 400
69 400
69.1 400
69.2 400
69.3 400
69.4 400
69.5 400
69.6 400
69.7 400
69.8 400
69.9 400
70 400
70.1 400
70.2 400
70.3 400
70.4 400
70.5 400
70.6 400
70.7 400
70.8 400
70.9 400
71 400
71.1 400
71.2 400
71.3 400
71.4 400
71.5 400
71.6 400
71.7 400
71.8 400
71.9 400
72 400
72.1 400
72.2 400
72.3 400
72.4 400
72.5 400
72.6 400
72.7 400
72.8 400
72.9 400
73 400
73.1 400
73.2 400
73.3 400
73.4 400
73.5 400
73.6 400
73.7 400
73.8 400
73.9 400
74 400
74.1 400
74.2 400
74.3 400
74.4 400
74.5 400
74.6 400
74.7 400
74.8 400
74.9 400
75 400
75.1 400
75.2 400
75.3 400
75.4 400
75.5 400
75.6 400
75.7 400
75.8 400
75.9 400
76 400
76.1 400
76.2 400
76.3 400
76.4 400
76.5 400
76.6 400
76.7 400
76.8 400
76.9 400
77 400
77.1 400
77.2 400
77.3 400
77.4 400
77.5 400
77.6 400
77.7 400
77.8 400
77.9 400
78 400
78.1 400
78.2 400
78.3 400
78.4 400
78.5 400
78.6 400
78.7 400
78.8 400
78.9 400
79 400
79.1 400
79.2 400
79.3 400
79.4 400
79.5 400
79.6 400
79.7 400
79.8 400
79.9 400
80 400
80.1 400
80.2 400
80.3 400
80.4 400
80.5 400
80.6 400
80.7 400
80.8 400
80.9 400
81 400
81.1 400
81.2 400
81.3 400
81.4 400
81.5 400
81.6 400
81.7 400
81.8 400
81.9 400
82 400
82.1 400
82.2 400
82.3 400
82.4 400
82.5 400
82.6 400
82.7 400
82.8 400
82.9 400
83 400
83.1 400
83.2 400
83.3 400
83.4 400
83.5 400
83.6 400
83.7 400
83.8 400
83.9 400
84 400
84.1 400
84.2 400
84.3 400
84.4 400
84.5 400
84.6 400
84.7 400
84.8 400
84.9 400
85 400
85.1 400
85.2 400
85.3 400
85.4 400
85.5 400
85.6 400
85.7 400
85.8 400
85.9 400
86 400
86.1 400
86.2 400
86.3 400
86.4 400
86.5 400
86.6 400
86.7 400
86.8 400
86.9 400
87 400
87.1 400
87.2 400
87.3 400
87.4 400
87.5 400
87.6 400
87.7 400
87.8 400
87.9 400
88 400
88.1 400
88.2 400
88.3 400
88.4 400
88.5 400
88.6 400
88.7 400
88.8 400
88.9 400
89 400
89.1 400
89.2 400
89.3 400
89.4 400
89.5 400
89.6 400
89.7 400
89.8 400
89.9 400
90 400
90.1 400
90.2 400
90.3 400
90.4 400
90.5 400
90.6 400
90.7 400
90.8 400
90.9 400
91 400
91.1 400
91.2 400
91.3 400
91.4 400
91.5 400
91.6 400
91.7 400
91.8 400
91.9 400
92 400
92.1 400
92.2 400
92.3 400
92.4 400
92.5 400
92.6 400
92.7 400
92.8 400
92.9 400
93 400
93.1 400
93.2 400
93.3 400
93.4 400
93.5 400
93.6 400
93.7 400
93.8 400
93.9 400
94 400
94.1 400
94.2 400
94.3 400
94.4 400
94.5 400
94.6 400
94.7 400
94.8 400
94.9 400
95 400
95.1 400
95.2 400
95.3 400
95.4 400
95.5 400
95.6 400
95.7 400
95.8 400
95.9 400
96 400
96.1 400
96.2 400
96.3 400
96.4 400
96.5 400
96.6 400
96.7 400
96.8 400
96.9 400
97 400
97.1 400
97.2 400
97.3 400
97.4 400
97.5 400
97.6 400
97.7 400
97.8 400
97.9 400
98 400
98.1 400
98.2 400
98.3 400
98.4 400
98.5 400
98.6 400
98.7 400
98.8 400
98.9 400
99 400
99.1 400
99.2 400
99.3 400
99.4 400
99.5 400
99.6 400
99.7 400
99.8 400
99.9 400
100 400
