0 1.01976
0.1 1.03991
0.2 1.06045
0.3 1.0814
0.4 1.10276
0.5 1.12455
0.6 1.14676
0.7 1.16941
0.8 1.19251
0.9 1.21606
1 1.24007
1.1 1.26456
1.2 1.28953
1.3 1.31499
1.4 1.34095
1.5 1.36743
1.6 1.39442
1.7 1.42195
1.8 1.45001
1.9 1.47863
2 1.50781
2.1 1.53757
2.2 1.56791
2.3 1.59884
2.4 1.63039
2.5 1.66255
2.6 1.69535
2.7 1.72879
2.8 1.76289
2.9 1.79765
3 1.8331
3.1 1.86925
3.2 1.9061
3.3 1.94368
3.4 1.982
3.5 2.02107
3.6 2.0609
3.7 2.10151
3.8 2.14292
3.9 2.18515
4 2.2282
4.1 2.27209
4.2 2.31684
4.3 2.36247
4.4 2.409
4.5 2.45643
4.6 2.50479
4.7 2.5541
4.8 2.60438
4.9 2.65563
5 2.70789
5.1 2.76117
5.2 2.81549
5.3 2.87088
5.4 2.92734
5.5 2.98491
5.6 3.0436
5.7 3.10344
5.8 3.16444
5.9 3.22663
6 3.29004
6.1 3.35468
6.2 3.42058
6.3 3.48777
6.4 3.55626
6.5 3.62609
6.6 3.69727
6.7 3.76984
6.8 3.84383
6.9 3.91925
7 3.99613
7.1 4.07451
7.2 4.15441
7.3 4.23586
7.4 4.31889
7.5 4.40353
7.6 4.48982
7.7 4.57777
7.8 4.66743
7.9 4.75882
8 4.85199
8.1 4.94695
8.2 5.04375
8.3 5.14242
8.4 5.243
8.5 5.34551
8.6 5.45001
8.7 5.55652
8.8 5.66509
8.9 5.77574
9 5.88853
9.1 6.00348
9.2 6.12065
9.3 6.24007
9.4 6.36178
9.5 6.48583
9.6 6.61226
9.7 6.74112
9.8 6.87244
9.9 7.00628
10 7.14267
10.1 7.28168
10.2 7.42334
10.3 7.56771
10.4 7.71484
10.5 7.86476
10.6 8.01755
10.7 8.17324
10.8 8.3319
10.9 8.49357
11 8.65831
11.1 8.82618
11.2 8.99723
11.3 9.17152
11.4 9.34911
11.5 9.53006
11.6 9.71443
11.7 9.90227
11.8 10.0937
11.9 10.2887
12 10.4873
12.1 10.6897
12.2 10.8959
12.3 11.106
12.4 11.32
12.5 11.538
12.6 11.7601
12.7 11.9864
12.8 12.2168
12.9 12.4516
13 12.6907
13.1 12.9343
13.2 13.1824
13.3 13.4351
13.4 13.6924
13.5 13.9546
13.6 14.2215
13.7 14.4934
13.8 14.7703
13.9 15.0523
14 15.3395
14.1 15.6319
14.2 15.9297
14.3 16.233
14.4 16.5418
14.5 16.8562
14.6 17.1763
14.7 17.5022
14.8 17.834
14.9 18.1719
15 18.5158
15.1 18.866
15.2 19.2224
15.3 19.5853
15.4 19.9546
15.5 20.3306
15.6 20.7133
15.7 21.1028
15.8 21.4992
15.9 21.9026
16 22.3132
16.1 22.7311
16.2 23.1563
16.3 23.589
16.4 24.0293
16.5 24.4773
16.6 24.9331
16.7 25.3968
16.8 25.8686
16.9 26.3486
17 26.8369
17.1 27.3336
17.2 27.8388
17.3 28.3526
17.4 28.8753
17.5 29.4068
17.6 29.9474
17.7 30.4971
17.8 31.0561
17.9 31.6245
18 32.2025
18.1 32.7901
18.2 33.3875
18.3 33.9948
18.4 34.6121
18.5 35.2396
18.6 35.8774
18.7 36.5257
18.8 37.1845
18.9 37.854
19 38.5344
19.1 39.2257
19.2 39.928
19.3 40.6416
19.4 41.3665
19.5 42.1029
19.6 42.8509
19.7 43.6107
19.8 44.3823
19.9 45.1659
20 45.9616
20.1 46.7695
20.2 47.5898
20.3 48.4226
20.4 49.268
20.5 50.1262
20.6 50.9971
20.7 51.8811
20.8 52.7782
20.9 53.6884
21 54.612
21.1 55.549
21.2 56.4996
21.3 57.4638
21.4 58.4418
21.5 59.4336
21.6 60.4394
21.7 61.4593
21.8 62.4933
21.9 63.5416
22 64.6042
22.1 65.6812
22.2 66.7727
22.3 67.8789
22.4 68.9997
22.5 70.1352
22.6 71.2855
22.7 72.4507
22.8 73.6308
22.9 74.8259
23 76.0361
23.1 77.2613
23.2 78.5017
23.3 79.7572
23.4 81.0279
23.5 82.3138
23.6 83.6149
23.7 84.9313
23.8 86.263
23.9 87.61
24 88.9722
24.1 90.3496
24.2 91.7424
24.3 93.1503
24.4 94.5734
24.5 96.0117
24.6 97.4651
24.7 98.9336
24.8 100.417
24.9 101.916
25 103.429
25.1 104.957
25.2 106.5
25.3 108.057
25.4 109.629
25.5 111.216
25.6 112.817
25.7 114.432
25.8 116.061
25.9 117.704
26 119.36
26.1 121.031
26.2 122.715
26.3 124.412
26.4 126.122
26.5 127.845
26.6 129.581
26.7 131.329
26.8 133.09
26.9 134.863
27 136.647
27.1 138.444
27.2 140.251
27.3 142.07
27.4 143.9
27.5 145.74
27.6 147.591
27.7 149.451
27.8 151.322
27.9 153.202
28 155.091
28.1 156.989
28.2 158.895
28.3 160.81
28.4 162.733
28.5 164.663
28.6 166.6
28.7 168.545
28.8 170.495
28.9 172.452
29 174.415
29.1 176.383
29.2 178.357
29.3 180.335
29.4 182.317
29.5 184.303
29.6 186.293
29.7 188.286
29.8 190.282
29.9 192.28
30 194.28
30.1 196.282
30.2 198.284
30.3 200.288
30.4 202.292
30.5 204.296
30.6 206.299
30.7 208.302
30.8 210.303
30.9 212.303
31 214.301
31.1 216.296
31.2 218.289
31.3 220.278
31.4 222.264
31.5 224.245
31.6 226.223
31.7 228.195
31.8 230.162
31.9 232.124
32 234.08
32.1 236.029
32.2 237.972
32.3 239.908
32.4 241.837
32.5 243.758
32.6 245.67
32.7 247.575
32.8 249.471
32.9 251.357
33 253.235
33.1 255.102
33.2 256.96
33.3 258.807
33.4 260.644
33.5 262.47
33.6 264.285
33.7 266.089
33.8 267.88
33.9 269.66
34 271.428
34.1 273.184
34.2 274.927
34.3 276.657
34.4 278.374
34.5 280.078
34.6 281.768
34.7 283.445
34.8 285.108
34.9 286.757
35 288.392
35.1 290.013
35.2 291.619
35.3 293.211
35.4 294.788
35.5 296.35
35.6 297.897
35.7 299.43
35.8 300.947
35.9 302.449
36 303.936
36.1 305.407
36.2 306.863
36.3 308.304
36.4 309.729
36.5 311.138
36.6 312.532
36.7 313.911
36.8 315.273
36.9 316.62
37 317.952
37.1 319.267
37.2 320.568
37.3 321.852
37.4 323.121
37.5 324.374
37.6 325.612
37.7 326.834
37.8 328.041
37.9 329.232
38 330.408
38.1 331.568
38.2 332.714
38.3 333.844
38.4 334.959
38.5 336.059
38.6 337.143
38.7 338.213
38.8 339.269
38.9 340.309
39 341.335
39.1 342.346
39.2 343.343
39.3 344.326
39.4 345.294
39.5 346.248
39.6 347.188
39.7 348.115
39.8 349.027
39.9 349.926
40 350.811
40.1 351.683
40.2 352.542
40.3 353.387
40.4 354.22
40.5 355.039
40.6 355.846
40.7 356.64
40.8 357.422
40.9 358.191
41 358.948
41.1 359.693
41.2 360.426
41.3 361.147
41.4 361.857
41.5 362.555
41.6 363.241
41.7 363.916
41.8 364.58
41.9 365.233
42 365.875
42.1 366.507
42.2 367.128
42.3 367.738
42.4 368.338
42.5 368.928
42.6 369.508
42.7 370.078
42.8 370.638
42.9 371.188
43 371.729
43.1 372.261
43.2 372.783
43.3 373.297
43.4 373.801
43.5 374.297
43.6 374.783
43.7 375.262
43.8 375.731
43.9 376.193
44 376.646
44.1 377.091
44.2 377.528
44.3 377.957
44.4 378.379
44.5 378.793
44.6 379.2
44.7 379.599
44.8 379.991
44.9 380.376
45 380.753
45.1 381.124
45.2 381.488
45.3 381.846
45.4 382.197
45.5 382.541
45.6 382.879
45.7 383.211
45.8 383.537
45.9 383.856
46 384.17
46.1 384.478
46.2 384.78
46.3 385.077
46.4 385.368
46.5 385.653
46.6 385.933
46.7 386.208
46.8 386.478
46.9 386.742
47 387.002
47.1 387.257
47.2 387.507
47.3 387.752
47.4 387.992
47.5 388.228
47.6 388.459
47.7 388.686
47.8 388.909
47.9 389.128
48 389.342
48.1 389.552
48.2 389.758
48.3 389.96
48.4 390.158
48.5 390.353
48.6 390.544
48.7 390.731
48.8 390.914
48.9 391.094
49 391.27
49.1 391.443
49.2 391.613
49.3 391.779
49.4 391.942
49.5 392.102
49.6 392.259
49.7 392.413
49.8 392.564
49.9 392.712
50 392.857
50.1 392.999
50.2 393.138
50.3 393.275
50.4 393.409
50.5 393.54
50.6 393.669
50.7 393.795
50.8 393.919
50.9 394.04
51 394.159
51.1 394.276
51.2 394.39
51.3 394.502
51.4 394.612
51.5 394.72
51.6 394.825
51.7 394.929
51.8 395.03
51.9 395.13
52 395.227
52.1 395.323
52.2 395.416
52.3 395.508
52.4 395.598
52.5 395.686
52.6 395.773
52.7 395.858
52.8 395.941
52.9 396.022
53 396.102
53.1 396.18
53.2 396.257
53.3 396.332
53.4 396.406
53.5 396.478
53.6 396.548
53.7 396.618
53.8 396.686
53.9 396.752
54 396.818
54.1 396.882
54.2 396.944
54.3 397.006
54.4 397.066
54.5 397.125
54.6 397.183
54.7 397.24
54.8 397.295
54.9 397.35
55 397.403
55.1 397.455
55.2 397.506
55.3 397.557
55.4 397.606
55.5 397.654
55.6 397.701
55.7 397.748
55.8 397.793
55.9 397.838
56 397.881
56.1 397.924
56.2 397.966
56.3 398.007
56.4 398.047
56.5 398.086
56.6 398.125
56.7 398.163
56.8 398.2
56.9 398.236
57 398.272
57.1 398.307
57.2 398.341
57.3 398.374
57.4 398.407
57.5 398.439
57.6 398.471
57.7 398.502
57.8 398.532
57.9 398.561
58 398.591
58.1 398.619
58.2 398.647
58.3 398.674
58.4 398.701
58.5 398.727
58.6 398.753
58.7 398.778
58.8 398.803
58.9 398.827
59 398.851
59.1 398.874
59.2 398.897
59.3 398.919
59.4 398.941
59.5 398.962
59.6 398.983
59.7 399.004
59.8 399.024
59.9 399.044
60 399.063
60.1 399.082
60.2 399.1
60.3 399.119
60.4 399.137
60.5 399.154
60.6 399.171
60.7 399.188
60.8 399.204
60.9 399.22
61 399.236
61.1 399.252
61.2 399.267
61.3 399.282
61.4 399.296
61.5 399.31
61.6 399.324
61.7 399.338
61.8 399.351
61.9 399.364
62 399.377
62.1 399.39
62.2 399.402
62.3 399.414
62.4 399.426
62.5 399.438
62.6 399.449
62.7 399.46
62.8 399.471
62.9 399.482
63 399.492
63.1 399.503
63.2 399.513
63.3 399.523
63.4 399.532
63.5 399.542
63.6 399.551
63.7 399.56
63.8 399.569
63.9 399.578
64 399.586
64.1 399.595
64.2 399.603
64.3 399.611
64.4 399.619
64.5 399.627
64.6 399.634
64.7 399.642
64.8 399.649
64.9 399.656
65 399.663
65.1 399.67
65.2 399.676
65.3 399.683
65.4 399.689
65.5 399.696
65.6 399.702
65.7 399.708
65.8 399.714
65.9 399.72
66 399.725
66.1 399.731
66.2 399.736
66.3 399.742
66.4 399.747
66.5 399.752
66.6 399.757
66.7 399.762
66.8 399.767
66.9 399.771
67 399.776
67.1 399.781
67.2 399.785
67.3 399.789
67.4 399.794
67.5 399.798
67.6 399.802
67.7 399.806
67.8 399.81
67.9 399.814
68 399.818
68.1 399.821
68.2 399.825
68.3 399.828
68.4 399.832
68.5 399.835
68.6 399.839
68.7 399.842
68.8 399.845
68.9 399.848
69 399.851
69.1 399.854
69.2 399.857
69.3 399.86
69.4 399.863
69.5 399.866
69.6 399.868
69.7 399.871
69.8 399.874
69.9 399.876
70 399.879
70.1 399.881
70.2 399.884
70.3 399.886
70.4 399.888
70.5 399.891
70.6 399.893
70.7 399.895
70.8 399.897
70.9 399.899
71 399.901
71.1 399.903
71.2 399.905
71.3 399.907
71.4 399.909
71.5 399.911
71.6 399.913
71.7 399.914
71.8 399.916
71.9 399.918
72 399.92
72.1 399.921
72.2 399.923
72.3 399.924
72.4 399.926
72.5 399.927
72.6 399.929
72.7 399.93
72.8 399.932
72.9 399.933
73 399.934
73.1 399.936
73.2 399.937
73.3 399.938
73.4 399.94
73.5 399.941
73.6 399.942
73.7 399.943
73.8 399.944
73.9 399.945
74 399.947
74.1 399.948
74.2 399.949
74.3 399.95
74.4 399.951
74.5 399.952
74.6 399.953
74.7 399.954
74.8 399.955
74.9 399.956
75 399.956
75.1 399.957
75.2 399.958
75.3 399.959
75.4 399.96
75.5 399.961
75.6 399.961
75.7 399.962
75.8 399.963
75.9 399.964
76 399.965
76.1 399.965
76.2 399.966
76.3 399.967
76.4 399.967
76.5 399.968
76.6 399.969
76.7 399.969
76.8 399.97
76.9 399.97
77 399.971
77.1 399.972
77.2 399.972
77.3 399.973
77.4 399.973
77.5 399.974
77.6 399.974
77.7 399.975
77.8 399.975
77.9 399.976
78 399.976
78.1 399.977
78.2 399.977
78.3 399.978
78.4 399.978
78.5 399.979
78.6 399.979
78.7 399.98
78.8 399.98
78.9 399.98
79 399.981
79.1 399.981
79.2 399.982
79.3 399.982
79.4 399.982
79.5 399.983
79.6 399.983
79.7 399.983
79.8 399.984
79.9 399.984
80 399.984
80.1 399.985
80.2 399.985
80.3 399.985
80.4 399.986
80.5 399.986
80.6 399.986
80.7 399.986
80.8 399.987
80.9 399.987
81 399.987
81.1 399.988
81.2 399.988
81.3 399.988
81.4 399.988
81.5 399.988
81.6 399.989
81.7 399.989
81.8 399.989
81.9 399.989
82 399.99
82.1 399.99
82.2 399.99
82.3 399.99
82.4 399.99
82.5 399.991
82.6 399.991
82.7 399.991
82.8 399.991
82.9 399.991
83 399.992
83.1 399.992
83.2 399.992
83.3 399.992
83.4 399.992
83.5 399.992
83.6 399.993
83.7 399.993
83.8 399.993
83.9 399.993
84 399.993
84.1 399.993
84.2 399.993
84.3 399.994
84.4 399.994
84.5 399.994
84.6 399.994
84.7 399.994
84.8 399.994
84.9 399.994
85 399.994
85.1 399.994
85.2 399.995
85.3 399.995
85.4 399.995
85.5 399.995
85.6 399.995
85.7 399.995
85.8 399.995
85.9 399.995
86 399.995
86.1 399.996
86.2 399.996
86.3 399.996
86.4 399.996
86.5 399.996
86.6 399.996
86.7 399.996
86.8 399.996
86.9 399.996
87 399.996
87.1 399.996
87.2 399.996
87.3 399.996
87.4 399.997
87.5 399.997
87.6 399.997
87.7 399.997
87.8 399.997
87.9 399.997
88 399.997
88.1 399.997
88.2 399.997
88.3 399.997
88.4 399.997
88.5 399.997
88.6 399.997
88.7 399.997
88.8 399.997
88.9 399.997
89 399.998
89.1 399.998
89.2 399.998
89.3 399.998
89.4 399.998
89.5 399.998
89.6 399.998
89.7 399.998
89.8 399.998
89.9 399.998
90 399.998
90.1 399.998
90.2 399.998
90.3 399.998
90.4 399.998
90.5 399.998
90.6 399.998
90.7 399.998
90.8 399.998
90.9 399.998
91 399.998
91.1 399.998
91.2 399.998
91.3 399.998
91.4 399.998
91.5 399.999
91.6 399.999
91.7 399.999
91.8 399.999
91.9 399.999
92 399.999
92.1 399.999
92.2 399.999
92.3 399.999
92.4 399.999
92.5 399.999
92.6 399.999
92.7 399.999
92.8 399.999
92.9 399.999
93 399.999
93.1 399.999
93.2 399.999
93.3 399.999
93.4 399.999
93.5 399.999
93.6 399.999
93.7 399.999
93.8 399.999
93.9 399.999
94 399.999
94.1 399.999
94.2 399.999
94.3 399.999
94.4 399.999
94.5 399.999
94.6 399.999
94.7 399.999
94.8 399.999
94.9 399.999
95 399.999
95.1 399.999
95.2 399.999
95.3 399.999
95.4 399.999
95.5 399.999
95.6 399.999
95.7 399.999
95.8 399.999
95.9 399.999
96 399.999
96.1 399.999
96.2 399.999
96.3 399.999
96.4 399.999
96.5 399.999
96.6 399.999
96.7 399.999
96.8 399.999
96.9 400
97 400
97.1 400
97.2 400
97.3 400
97.4 400
97.5 400
97.6 400
97.7 400
97.8 400
97.9 400
98 400
98.1 400
98.2 400
98.3 400
98.4 400
98.5 400
98.6 400
98.7 400
98.8 400
98.9 400
99 400
99.1 400
99.2 400
99.3 400
99.4 400
99.5 400
99.6 400
99.7 400
99.8 400
99.9 400
100 400
