0 498.959
0.1 498.917
0.2 498.873
0.3 498.827
0.4 498.779
0.5 498.73
0.6 498.678
0.7 498.624
0.8 498.568
0.9 498.51
1 498.449
1.1 498.386
1.2 498.321
1.3 498.252
1.4 498.181
1.5 498.107
1.6 498.031
1.7 497.951
1.8 497.867
1.9 497.781
2 497.691
2.1 497.597
2.2 497.5
2.3 497.398
2.4 497.293
2.5 497.183
2.6 497.069
2.7 496.95
2.8 496.827
2.9 496.698
3 496.565
3.1 496.426
3.2 496.281
3.3 496.131
3.4 495.975
3.5 495.812
3.6 495.643
3.7 495.467
3.8 495.284
3.9 495.094
4 494.896
4.1 494.691
4.2 494.477
4.3 494.255
4.4 494.024
4.5 493.784
4.6 493.534
4.7 493.275
4.8 493.005
4.9 492.725
5 492.433
5.1 492.131
5.2 491.816
5.3 491.489
5.4 491.149
5.5 490.797
5.6 490.43
5.7 490.049
5.8 489.653
5.9 489.242
6 488.816
6.1 488.372
6.2 487.912
6.3 487.434
6.4 486.938
6.5 486.423
6.6 485.888
6.7 485.334
6.8 484.758
6.9 484.16
7 483.54
7.1 482.897
7.2 482.23
7.3 481.538
7.4 480.821
7.5 480.077
7.6 479.306
7.7 478.507
7.8 477.678
7.9 476.82
8 475.931
8.1 475.01
8.2 474.056
8.3 473.068
8.4 472.046
8.5 470.988
8.6 469.893
8.7 468.76
8.8 467.588
8.9 466.376
9 465.124
9.1 463.829
9.2 462.491
9.3 461.109
9.4 459.681
9.5 458.208
9.6 456.686
9.7 455.117
9.8 453.498
9.9 451.828
10 450.107
10.1 448.334
10.2 446.507
10.3 444.626
10.4 442.69
10.5 440.697
10.6 438.648
10.7 436.541
10.8 434.376
10.9 432.152
11 429.868
11.1 427.524
11.2 425.12
11.3 422.655
11.4 420.128
11.5 417.54
11.6 414.89
11.7 412.179
11.8 409.406
11.9 406.572
12 403.677
12.1 400.722
12.2 397.706
12.3 394.63
12.4 391.496
12.5 388.304
12.6 385.055
12.7 381.751
12.8 378.391
12.9 374.979
13 371.515
13.1 368.002
13.2 364.44
13.3 360.832
13.4 357.18
13.5 353.486
13.6 349.752
13.7 345.98
13.8 342.174
13.9 338.336
14 334.468
14.1 330.574
14.2 326.655
14.3 322.716
14.4 318.758
14.5 314.786
14.6 310.802
14.7 306.809
14.8 302.811
14.9 298.811
15 294.811
15.1 290.816
15.2 286.828
15.3 282.851
15.4 278.887
15.5 274.94
15.6 271.013
15.7 267.108
15.8 263.229
15.9 259.378
16 255.559
16.1 251.773
16.2 248.024
16.3 244.313
16.4 240.644
16.5 237.018
16.6 233.437
16.7 229.903
16.8 226.419
16.9 222.986
17 219.605
17.1 216.278
17.2 213.006
17.3 209.791
17.4 206.633
17.5 203.534
17.6 200.494
17.7 197.514
17.8 194.594
17.9 191.735
18 188.938
18.1 186.202
18.2 183.527
18.3 180.914
18.4 178.363
18.5 175.872
18.6 173.443
18.7 171.075
18.8 168.767
18.9 166.519
19 164.33
19.1 162.199
19.2 160.127
19.3 158.111
19.4 156.152
19.5 154.249
19.6 152.4
19.7 150.605
19.8 148.863
19.9 147.173
20 145.534
20.1 143.944
20.2 142.403
20.3 140.911
20.4 139.465
20.5 138.064
20.6 136.709
20.7 135.396
20.8 134.127
20.9 132.898
21 131.711
21.1 130.562
21.2 129.452
21.3 128.379
21.4 127.342
21.5 126.34
21.6 125.373
21.7 124.439
21.8 123.537
21.9 122.666
22 121.826
22.1 121.015
22.2 120.232
22.3 119.477
22.4 118.749
22.5 118.047
22.6 117.37
22.7 116.718
22.8 116.088
22.9 115.482
23 114.897
23.1 114.334
23.2 113.791
23.3 113.268
23.4 112.765
23.5 112.28
23.6 111.812
23.7 111.362
23.8 110.929
23.9 110.511
24 110.11
24.1 109.723
24.2 109.35
24.3 108.992
24.4 108.647
24.5 108.315
24.6 107.995
24.7 107.688
24.8 107.392
24.9 107.107
25 106.833
25.1 106.57
25.2 106.316
25.3 106.072
25.4 105.838
25.5 105.612
25.6 105.395
25.7 105.186
25.8 104.985
25.9 104.792
26 104.606
26.1 104.428
26.2 104.256
26.3 104.091
26.4 103.932
26.5 103.779
26.6 103.632
26.7 103.491
26.8 103.355
26.9 103.225
27 103.099
27.1 102.979
27.2 102.863
27.3 102.751
27.4 102.644
27.5 102.541
27.6 102.442
27.7 102.347
27.8 102.255
27.9 102.167
28 102.083
28.1 102.001
28.2 101.923
28.3 101.848
28.4 101.776
28.5 101.707
28.6 101.64
28.7 101.576
28.8 101.514
28.9 101.455
29 101.398
29.1 101.344
29.2 101.291
29.3 101.241
29.4 101.192
29.5 101.146
29.6 101.101
29.7 101.058
29.8 101.016
29.9 100.977
30 100.938
30.1 100.902
30.2 100.866
30.3 100.832
30.4 100.8
30.5 100.769
30.6 100.739
30.7 100.71
30.8 100.682
30.9 100.655
31 100.629
31.1 100.605
31.2 100.581
31.3 100.558
31.4 100.537
31.5 100.516
31.6 100.495
31.7 100.476
31.8 100.457
31.9 100.439
32 100.422
32.1 100.406
32.2 100.39
32.3 100.374
32.4 100.36
32.5 100.346
32.6 100.332
32.7 100.319
32.8 100.307
32.9 100.295
33 100.283
33.1 100.272
33.2 100.261
33.3 100.251
33.4 100.241
33.5 100.232
33.6 100.223
33.7 100.214
33.8 100.206
33.9 100.198
34 100.19
34.1 100.182
34.2 100.175
34.3 100.168
34.4 100.162
34.5 100.155
34.6 100.149
34.7 100.143
34.8 100.138
34.9 100.132
35 100.127
35.1 100.122
35.2 100.117
35.3 100.113
35.4 100.108
35.5 100.104
35.6 100.1
35.7 100.096
35.8 100.092
35.9 100.089
36 100.085
36.1 100.082
36.2 100.079
36.3 100.076
36.4 100.073
36.5 100.07
36.6 100.067
36.7 100.064
36.8 100.062
36.9 100.06
37 100.057
37.1 100.055
37.2 100.053
37.3 100.051
37.4 100.049
37.5 100.047
37.6 100.045
37.7 100.043
37.8 100.042
37.9 100.04
38 100.038
38.1 100.037
38.2 100.035
38.3 100.034
38.4 100.033
38.5 100.031
38.6 100.03
38.7 100.029
38.8 100.028
38.9 100.027
39 100.026
39.1 100.025
39.2 100.024
39.3 100.023
39.4 100.022
39.5 100.021
39.6 100.02
39.7 100.019
39.8 100.019
39.9 100.018
40 100.017
40.1 100.017
40.2 100.016
40.3 100.015
40.4 100.015
40.5 100.014
40.6 100.014
40.7 100.013
40.8 100.013
40.9 100.012
41 100.012
41.1 100.011
41.2 100.011
41.3 100.01
41.4 100.01
41.5 100.009
41.6 100.009
41.7 100.009
41.8 100.008
41.9 100.008
42 100.008
42.1 100.007
42.2 100.007
42.3 100.007
42.4 100.007
42.5 100.006
42.6 100.006
42.7 100.006
42.8 100.006
42.9 100.005
43 100.005
43.1 100.005
43.2 100.005
43.3 100.005
43.4 100.004
43.5 100.004
43.6 100.004
43.7 100.004
43.8 100.004
43.9 100.004
44 100.003
44.1 100.003
44.2 100.003
44.3 100.003
44.4 100.003
44.5 100.003
44.6 100.003
44.7 100.003
44.8 100.003
44.9 100.002
45 100.002
45.1 100.002
45.2 100.002
45.3 100.002
45.4 100.002
45.5 100.002
45.6 100.002
45.7 100.002
45.8 100.002
45.9 100.002
46 100.002
46.1 100.002
46.2 100.001
46.3 100.001
46.4 100.001
46.5 100.001
46.6 100.001
46.7 100.001
46.8 100.001
46.9 100.001
47 100.001
47.1 100.001
47.2 100.001
47.3 100.001
47.4 100.001
47.5 100.001
47.6 100.001
47.7 100.001
47.8 100.001
47.9 100.001
48 100.001
48.1 100.001
48.2 100.001
48.3 100.001
48.4 100.001
48.5 100.001
48.6 100.001
48.7 100.001
48.8 100.001
48.9 100
49 100
49.1 100
49.2 100
49.3 100
49.4 100
49.5 100
49.6 100
49.7 100
49.8 100
49.9 100
50 100
50.1 100
50.2 100
50.3 100
50.4 100
50.5 100
50.6 100
50.7 100
50.8 100
50.9 100
51 100
51.1 100
51.2 100
51.3 100
51.4 100
51.5 100
51.6 100
51.7 100
51.8 100
51.9 100
52 100
52.1 100
52.2 100
52.3 100
52.4 100
52.5 100
52.6 100
52.7 100
52.8 100
52.9 100
53 100
53.1 100
53.2 100
53.3 100
53.4 100
53.5 100
53.6 100
53.7 100
53.8 100
53.9 100
54 100
54.1 100
54.2 100
54.3 100
54.4 100
54.5 100
54.6 100
54.7 100
54.8 100
54.9 100
55 100
55.1 100
55.2 100
55.3 100
55.4 100
55.5 100
55.6 100
55.7 100
55.8 100
55.9 100
56 100
56.1 100
56.2 100
56.3 100
56.4 100
56.5 100
56.6 100
56.7 100
56.8 100
56.9 100
57 100
57.1 100
57.2 100
57.3 100
57.4 100
57.5 100
57.6 100
57.7 100
57.8 100
57.9 100
58 100
58.1 100
58.2 100
58.3 100
58.4 100
58.5 100
58.6 100
58.7 100
58.8 100
58.9 100
59 100
59.1 100
59.2 100
59.3 100
59.4 100
59.5 100
59.6 100
59.7 100
59.8 100
59.9 100
60 100
60.1 100
60.2 100
60.3 100
60.4 100
60.5 100
60.6 100
60.7 100
60.8 100
60.9 100
61 100
61.1 100
61.2 100
61.3 100
61.4 100
61.5 100
61.6 100
61.7 100
61.8 100
61.9 100
62 100
62.1 100
62.2 100
62.3 100
62.4 100
62.5 100
62.6 100
62.7 100
62.8 100
62.9 100
63 100
63.1 100
63.2 100
63.3 100
63.4 100
63.5 100
63.6 100
63.7 100
63.8 100
63.9 100
64 100
64.1 100
64.2 100
64.3 100
64.4 100
64.5 100
64.6 100
64.7 100
64.8 100
64.9 100
65 100
65.1 100
65.2 100
65.3 100
65.4 100
65.5 100
65.6 100
65.7 100
65.8 100
65.9 100
66 100
66.1 100
66.2 100
66.3 100
66.4 100
66.5 100
66.6 100
66.7 100
66.8 100
66.9 100
67 100
67.1 100
67.2 100
67.3 100
67.4 100
67.5 100
67.6 100
67.7 100
67.8 100
67.9 100
68 100
68.1 100
68.2 100
68.3 100
68.4 100
68.5 100
68.6 100
68.7 100
68.8 100
68.9 100
69 100
69.1 100
69.2 100
69.3 100
69.4 100
69.5 100
69.6 100
69.7 100
69.8 100
69.9 100
70 100
70.1 100
70.2 100
70.3 100
70.4 100
70.5 100
70.6 100
70.7 100
70.8 100
70.9 100
71 100
71.1 100
71.2 100
71.3 100
71.4 100
71.5 100
71.6 100
71.7 100
71.8 100
71.9 100
72 100
72.1 100
72.2 100
72.3 100
72.4 100
72.5 100
72.6 100
72.7 100
72.8 100
72.9 100
73 100
73.1 100
73.2 100
73.3 100
73.4 100
73.5 100
73.6 100
73.7 100
73.8 100
73.9 100
74 100
74.1 100
74.2 100
74.3 100
74.4 100
74.5 100
74.6 100
74.7 100
74.8 100
74.9 100
75 100
75.1 100
75.2 100
75.3 100
75.4 100
75.5 100
75.6 100
75.7 100
75.8 100
75.9 100
76 100
76.1 100
76.2 100
76.3 100
76.4 100
76.5 100
76.6 100
76.7 100
76.8 100
76.9 100
77 100
77.1 100
77.2 100
77.3 100
77.4 100
77.5 100
77.6 100
77.7 100
77.8 100
77.9 100
78 100
78.1 100
78.2 100
78.3 100
78.4 100
78.5 100
78.6 100
78.7 100
78.8 100
78.9 100
79 100
79.1 100
79.2 100
79.3 100
79.4 100
79.5 100
79.6 100
79.7 100
79.8 100
79.9 100
80 100
80.1 100
80.2 100
80.3 100
80.4 100
80.5 100
80.6 100
80.7 100
80.8 100
80.9 100
81 100
81.1 100
81.2 100
81.3 100
81.4 100
81.5 100
81.6 100
81.7 100
81.8 100
81.9 100
82 100
82.1 100
82.2 100
82.3 100
82.4 100
82.5 100
82.6 100
82.7 100
82.8 100
82.9 100
83 100
83.1 100
83.2 100
83.3 100
83.4 100
83.5 100
83.6 100
83.7 100
83.8 100
83.9 100
84 100
84.1 100
84.2 100
84.3 100
84.4 100
84.5 100
84.6 100
84.7 100
84.8 100
84.9 100
85 100
85.1 100
85.2 100
85.3 100
85.4 100
85.5 100
85.6 100
85.7 100
85.8 100
85.9 100
86 100
86.1 100
86.2 100
86.3 100
86.4 100
86.5 100
86.6 100
86.7 100
86.8 100
86.9 100
87 100
87.1 100
87.2 100
87.3 100
87.4 100
87.5 100
87.6 100
87.7 100
87.8 100
87.9 100
88 100
88.1 100
88.2 100
88.3 100
88.4 100
88.5 100
88.6 100
88.7 100
88.8 100
88.9 100
89 100
89.1 100
89.2 100
89.3 100
89.4 100
89.5 100
89.6 100
89.7 100
89.8 100
89.9 100
90 100
90.1 100
90.2 100
90.3 100
90.4 100
90.5 100
90.6 100
90.7 100
90.8 100
90.9 100
91 100
91.1 100
91.2 100
91.3 100
91.4 100
91.5 100
91.6 100
91.7 100
91.8 100
91.9 100
92 100
92.1 100
92.2 100
92.3 100
92.4 100
92.5 100
92.6 100
92.7 100
92.8 100
92.9 100
93 100
93.1 100
93.2 100
93.3 100
93.4 100
93.5 100
93.6 100
93.7 100
93.8 100
93.9 100
94 100
94.1 100
94.2 100
94.3 100
94.4 100
94.5 100
94.6 100
94.7 100
94.8 100
94.9 100
95 100
95.1 100
95.2 100
95.3 100
95.4 100
95.5 100
95.6 100
95.7 100
95.8 100
95.9 100
96 100
96.1 100
96.2 100
96.3 100
96.4 100
96.5 100
96.6 100
96.7 100
96.8 100
96.9 100
97 100
97.1 100
97.2 100
97.3 100
97.4 100
97.5 100
97.6 100
97.7 100
97.8 100
97.9 100
98 100
98.1 100
98.2 100
98.3 100
98.4 100
98.5 100
98.6 100
98.7 100
98.8 100
98.9 100
99 100
99.1 100
99.2 100
99.3 100
99.4 100
99.5 100
99.6 100
99.7 100
99.8 100
99.9 100
100 100
