0 498.98
0.1 498.939
0.2 498.897
0.3 498.853
0.4 498.807
0.5 498.76
0.6 498.71
0.7 498.659
0.8 498.605
0.9 498.55
1 498.492
1.1 498.432
1.2 498.369
1.3 498.304
1.4 498.237
1.5 498.167
1.6 498.094
1.7 498.018
1.8 497.939
1.9 497.857
2 497.772
2.1 497.683
2.2 497.591
2.3 497.495
2.4 497.396
2.5 497.292
2.6 497.184
2.7 497.073
2.8 496.956
2.9 496.836
3 496.71
3.1 496.579
3.2 496.444
3.3 496.303
3.4 496.156
3.5 496.004
3.6 495.846
3.7 495.681
3.8 495.51
3.9 495.333
4 495.148
4.1 494.957
4.2 494.758
4.3 494.551
4.4 494.336
4.5 494.112
4.6 493.88
4.7 493.639
4.8 493.389
4.9 493.129
5 492.859
5.1 492.578
5.2 492.287
5.3 491.984
5.4 491.67
5.5 491.343
5.6 491.005
5.7 490.653
5.8 490.288
5.9 489.909
6 489.515
6.1 489.107
6.2 488.683
6.3 488.243
6.4 487.787
6.5 487.313
6.6 486.822
6.7 486.312
6.8 485.783
6.9 485.235
7 484.666
7.1 484.076
7.2 483.465
7.3 482.83
7.4 482.173
7.5 481.492
7.6 480.786
7.7 480.054
7.8 479.296
7.9 478.511
8 477.697
8.1 476.855
8.2 475.983
8.3 475.08
8.4 474.145
8.5 473.178
8.6 472.177
8.7 471.141
8.8 470.07
8.9 468.963
9 467.817
9.1 466.634
9.2 465.41
9.3 464.146
9.4 462.841
9.5 461.493
9.6 460.101
9.7 458.664
9.8 457.181
9.9 455.652
10 454.075
10.1 452.448
10.2 450.773
10.3 449.046
10.4 447.267
10.5 445.436
10.6 443.551
10.7 441.612
10.8 439.617
10.9 437.567
11 435.459
11.1 433.294
11.2 431.071
11.3 428.789
11.4 426.447
11.5 424.046
11.6 421.585
11.7 419.063
11.8 416.481
11.9 413.838
12 411.133
12.1 408.369
12.2 405.543
12.3 402.657
12.4 399.711
12.5 396.705
12.6 393.64
12.7 390.517
12.8 387.336
12.9 384.099
13 380.806
13.1 377.459
13.2 374.059
13.3 370.608
13.4 367.106
13.5 363.557
13.6 359.961
13.7 356.32
13.8 352.637
13.9 348.914
14 345.154
14.1 341.357
14.2 337.528
14.3 333.669
14.4 329.783
14.5 325.871
14.6 321.938
14.7 317.986
14.8 314.019
14.9 310.038
15 306.049
15.1 302.052
15.2 298.053
15.3 294.053
15.4 290.057
15.5 286.066
15.6 282.086
15.7 278.118
15.8 274.166
15.9 270.233
16 266.321
16.1 262.435
16.2 258.576
16.3 254.747
16.4 250.952
16.5 247.193
16.6 243.472
16.7 239.791
16.8 236.154
16.9 232.561
17 229.016
17.1 225.52
17.2 222.075
17.3 218.682
17.4 215.343
17.5 212.06
17.6 208.833
17.7 205.664
17.8 202.554
17.9 199.504
18 196.514
18.1 193.585
18.2 190.717
18.3 187.911
18.4 185.168
18.5 182.486
18.6 179.867
18.7 177.311
18.8 174.816
18.9 172.383
19 170.012
19.1 167.701
19.2 165.452
19.3 163.262
19.4 161.132
19.5 159.06
19.6 157.046
19.7 155.09
19.8 153.19
19.9 151.345
20 149.555
20.1 147.818
20.2 146.134
20.3 144.502
20.4 142.92
20.5 141.387
20.6 139.903
20.7 138.466
20.8 137.075
20.9 135.73
21 134.428
21.1 133.17
21.2 131.953
21.3 130.777
21.4 129.641
21.5 128.543
21.6 127.483
21.7 126.459
21.8 125.47
21.9 124.517
22 123.596
22.1 122.708
22.2 121.851
22.3 121.025
22.4 120.228
22.5 119.46
22.6 118.719
22.7 118.006
22.8 117.318
22.9 116.655
23 116.017
23.1 115.402
23.2 114.809
23.3 114.239
23.4 113.689
23.5 113.161
23.6 112.652
23.7 112.161
23.8 111.69
23.9 111.236
24 110.799
24.1 110.379
24.2 109.974
24.3 109.585
24.4 109.211
24.5 108.851
24.6 108.505
24.7 108.172
24.8 107.852
24.9 107.544
25 107.248
25.1 106.963
25.2 106.689
25.3 106.426
25.4 106.173
25.5 105.93
25.6 105.697
25.7 105.472
25.8 105.256
25.9 105.049
26 104.849
26.1 104.658
26.2 104.473
26.3 104.297
26.4 104.127
26.5 103.963
26.6 103.806
26.7 103.655
26.8 103.511
26.9 103.371
27 103.238
27.1 103.109
27.2 102.986
27.3 102.867
27.4 102.753
27.5 102.644
27.6 102.539
27.7 102.438
27.8 102.341
27.9 102.248
28 102.159
28.1 102.073
28.2 101.99
28.3 101.911
28.4 101.835
28.5 101.762
28.6 101.692
28.7 101.624
28.8 101.56
28.9 101.497
29 101.438
29.1 101.38
29.2 101.325
29.3 101.273
29.4 101.222
29.5 101.173
29.6 101.126
29.7 101.081
29.8 101.038
29.9 100.997
30 100.957
30.1 100.919
30.2 100.882
30.3 100.847
30.4 100.813
30.5 100.781
30.6 100.75
30.7 100.72
30.8 100.691
30.9 100.663
31 100.637
31.1 100.611
31.2 100.587
31.3 100.564
31.4 100.541
31.5 100.519
31.6 100.499
31.7 100.479
31.8 100.46
31.9 100.441
32 100.424
32.1 100.407
32.2 100.39
32.3 100.375
32.4 100.36
32.5 100.345
32.6 100.332
32.7 100.318
32.8 100.306
32.9 100.293
33 100.282
33.1 100.27
33.2 100.26
33.3 100.249
33.4 100.239
33.5 100.23
33.6 100.221
33.7 100.212
33.8 100.203
33.9 100.195
34 100.187
34.1 100.18
34.2 100.173
34.3 100.166
34.4 100.159
34.5 100.153
34.6 100.147
34.7 100.141
34.8 100.135
34.9 100.13
35 100.125
35.1 100.12
35.2 100.115
35.3 100.11
35.4 100.106
35.5 100.102
35.6 100.098
35.7 100.094
35.8 100.09
35.9 100.086
36 100.083
36.1 100.08
36.2 100.076
36.3 100.073
36.4 100.07
36.5 100.068
36.6 100.065
36.7 100.062
36.8 100.06
36.9 100.057
37 100.055
37.1 100.053
37.2 100.051
37.3 100.049
37.4 100.047
37.5 100.045
37.6 100.043
37.7 100.041
37.8 100.04
37.9 100.038
38 100.037
38.1 100.035
38.2 100.034
38.3 100.032
38.4 100.031
38.5 100.03
38.6 100.029
38.7 100.028
38.8 100.026
38.9 100.025
39 100.024
39.1 100.023
39.2 100.022
39.3 100.022
39.4 100.021
39.5 100.02
39.6 100.019
39.7 100.018
39.8 100.018
39.9 100.017
40 100.016
40.1 100.016
40.2 100.015
40.3 100.014
40.4 100.014
40.5 100.013
40.6 100.013
40.7 100.012
40.8 100.012
40.9 100.011
41 100.011
41.1 100.01
41.2 100.01
41.3 100.01
41.4 100.009
41.5 100.009
41.6 100.008
41.7 100.008
41.8 100.008
41.9 100.007
42 100.007
42.1 100.007
42.2 100.007
42.3 100.006
42.4 100.006
42.5 100.006
42.6 100.006
42.7 100.005
42.8 100.005
42.9 100.005
43 100.005
43.1 100.005
43.2 100.004
43.3 100.004
43.4 100.004
43.5 100.004
43.6 100.004
43.7 100.004
43.8 100.003
43.9 100.003
44 100.003
44.1 100.003
44.2 100.003
44.3 100.003
44.4 100.003
44.5 100.003
44.6 100.002
44.7 100.002
44.8 100.002
44.9 100.002
45 100.002
45.1 100.002
45.2 100.002
45.3 100.002
45.4 100.002
45.5 100.002
45.6 100.002
45.7 100.002
45.8 100.002
45.9 100.001
46 100.001
46.1 100.001
46.2 100.001
46.3 100.001
46.4 100.001
46.5 100.001
46.6 100.001
46.7 100.001
46.8 100.001
46.9 100.001
47 100.001
47.1 100.001
47.2 100.001
47.3 100.001
47.4 100.001
47.5 100.001
47.6 100.001
47.7 100.001
47.8 100.001
47.9 100.001
48 100.001
48.1 100.001
48.2 100.001
48.3 100.001
48.4 100.001
48.5 100.001
48.6 100
48.7 100
48.8 100
48.9 100
49 100
49.1 100
49.2 100
49.3 100
49.4 100
49.5 100
49.6 100
49.7 100
49.8 100
49.9 100
50 100
50.1 100
50.2 100
50.3 100
50.4 100
50.5 100
50.6 100
50.7 100
50.8 100
50.9 100
51 100
51.1 100
51.2 100
51.3 100
51.4 100
51.5 100
51.6 100
51.7 100
51.8 100
51.9 100
52 100
52.1 100
52.2 100
52.3 100
52.4 100
52.5 100
52.6 100
52.7 100
52.8 100
52.9 100
53 100
53.1 100
53.2 100
53.3 100
53.4 100
53.5 100
53.6 100
53.7 100
53.8 100
53.9 100
54 100
54.1 100
54.2 100
54.3 100
54.4 100
54.5 100
54.6 100
54.7 100
54.8 100
54.9 100
55 100
55.1 100
55.2 100
55.3 100
55.4 100
55.5 100
55.6 100
55.7 100
55.8 100
55.9 100
56 100
56.1 100
56.2 100
56.3 100
56.4 100
56.5 100
56.6 100
56.7 100
56.8 100
56.9 100
57 100
57.1 100
57.2 100
57.3 100
57.4 100
57.5 100
57.6 100
57.7 100
57.8 100
57.9 100
58 100
58.1 100
58.2 100
58.3 100
58.4 100
58.5 100
58.6 100
58.7 100
58.8 100
58.9 100
59 100
59.1 100
59.2 100
59.3 100
59.4 100
59.5 100
59.6 100
59.7 100
59.8 100
59.9 100
60 100
60.1 100
60.2 100
60.3 100
60.4 100
60.5 100
60.6 100
60.7 100
60.8 100
60.9 100
61 100
61.1 100
61.2 100
61.3 100
61.4 100
61.5 100
61.6 100
61.7 100
61.8 100
61.9 100
62 100
62.1 100
62.2 100
62.3 100
62.4 100
62.5 100
62.6 100
62.7 100
62.8 100
62.9 100
63 100
63.1 100
63.2 100
63.3 100
63.4 100
63.5 100
63.6 100
63.7 100
63.8 100
63.9 100
64 100
64.1 100
64.2 100
64.3 100
64.4 100
64.5 100
64.6 100
64.7 100
64.8 100
64.9 100
65 100
65.1 100
65.2 100
65.3 100
65.4 100
65.5 100
65.6 100
65.7 100
65.8 100
65.9 100
66 100
66.1 100
66.2 100
66.3 100
66.4 100
66.5 100
66.6 100
66.7 100
66.8 100
66.9 100
67 100
67.1 100
67.2 100
67.3 100
67.4 100
67.5 100
67.6 100
67.7 100
67.8 100
67.9 100
68 100
68.1 100
68.2 100
68.3 100
68.4 100
68.5 100
68.6 100
68.7 100
68.8 100
68.9 100
69 100
69.1 100
69.2 100
69.3 100
69.4 100
69.5 100
69.6 100
69.7 100
69.8 100
69.9 100
70 100
70.1 100
70.2 100
70.3 100
70.4 100
70.5 100
70.6 100
70.7 100
70.8 100
70.9 100
71 100
71.1 100
71.2 100
71.3 100
71.4 100
71.5 100
71.6 100
71.7 100
71.8 100
71.9 100
72 100
72.1 100
72.2 100
72.3 100
72.4 100
72.5 100
72.6 100
72.7 100
72.8 100
72.9 100
73 100
73.1 100
73.2 100
73.3 100
73.4 100
73.5 100
73.6 100
73.7 100
73.8 100
73.9 100
74 100
74.1 100
74.2 100
74.3 100
74.4 100
74.5 100
74.6 100
74.7 100
74.8 100
74.9 100
75 100
75.1 100
75.2 100
75.3 100
75.4 100
75.5 100
75.6 100
75.7 100
75.8 100
75.9 100
76 100
76.1 100
76.2 100
76.3 100
76.4 100
76.5 100
76.6 100
76.7 100
76.8 100
76.9 100
77 100
77.1 100
77.2 100
77.3 100
77.4 100
77.5 100
77.6 100
77.7 100
77.8 100
77.9 100
78 100
78.1 100
78.2 100
78.3 100
78.4 100
78.5 100
78.6 100
78.7 100
78.8 100
78.9 100
79 100
79.1 100
79.2 100
79.3 100
79.4 100
79.5 100
79.6 100
79.7 100
79.8 100
79.9 100
80 100
80.1 100
80.2 100
80.3 100
80.4 100
80.5 100
80.6 100
80.7 100
80.8 100
80.9 100
81 100
81.1 100
81.2 100
81.3 100
81.4 100
81.5 100
81.6 100
81.7 100
81.8 100
81.9 100
82 100
82.1 100
82.2 100
82.3 100
82.4 100
82.5 100
82.6 100
82.7 100
82.8 100
82.9 100
83 100
83.1 100
83.2 100
83.3 100
83.4 100
83.5 100
83.6 100
83.7 100
83.8 100
83.9 100
84 100
84.1 100
84.2 100
84.3 100
84.4 100
84.5 100
84.6 100
84.7 100
84.8 100
84.9 100
85 100
85.1 100
85.2 100
85.3 100
85.4 100
85.5 100
85.6 100
85.7 100
85.8 100
85.9 100
86 100
86.1 100
86.2 100
86.3 100
86.4 100
86.5 100
86.6 100
86.7 100
86.8 100
86.9 100
87 100
87.1 100
87.2 100
87.3 100
87.4 100
87.5 100
87.6 100
87.7 100
87.8 100
87.9 100
88 100
88.1 100
88.2 100
88.3 100
88.4 100
88.5 100
88.6 100
88.7 100
88.8 100
88.9 100
89 100
89.1 100
89.2 100
89.3 100
89.4 100
89.5 100
89.6 100
89.7 100
89.8 100
89.9 100
90 100
90.1 100
90.2 100
90.3 100
90.4 100
90.5 100
90.6 100
90.7 100
90.8 100
90.9 100
91 100
91.1 100
91.2 100
91.3 100
91.4 100
91.5 100
91.6 100
91.7 100
91.8 100
91.9 100
92 100
92.1 100
92.2 100
92.3 100
92.4 100
92.5 100
92.6 100
92.7 100
92.8 100
92.9 100
93 100
93.1 100
93.2 100
93.3 100
93.4 100
93.5 100
93.6 100
93.7 100
93.8 100
93.9 100
94 100
94.1 100
94.2 100
94.3 100
94.4 100
94.5 100
94.6 100
94.7 100
94.8 100
94.9 100
95 100
95.1 100
95.2 100
95.3 100
95.4 100
95.5 100
95.6 100
95.7 100
95.8 100
95.9 100
96 100
96.1 100
96.2 100
96.3 100
96.4 100
96.5 100
96.6 100
96.7 100
96.8 100
96.9 100
97 100
97.1 100
97.2 100
97.3 100
97.4 100
97.5 100
97.6 100
97.7 100
97.8 100
97.9 100
98 100
98.1 100
98.2 100
98.3 100
98.4 100
98.5 100
98.6 100
98.7 100
98.8 100
98.9 100
99 100
99.1 100
99.2 100
99.3 100
99.4 100
99.5 100
99.6 100
99.7 100
99.8 100
99.9 100
100 100
