0 498.98
0.1 498.96
0.2 498.94
0.3 498.919
0.4 498.897
0.5 498.875
0.6 498.853
0.7 498.831
0.8 498.807
0.9 498.784
1 498.76
1.1 498.735
1.2 498.71
1.3 498.685
1.4 498.659
1.5 498.633
1.6 498.606
1.7 498.578
1.8 498.55
1.9 498.521
2 498.492
2.1 498.462
2.2 498.432
2.3 498.401
2.4 498.37
2.5 498.337
2.6 498.305
2.7 498.271
2.8 498.237
2.9 498.202
3 498.167
3.1 498.131
3.2 498.094
3.3 498.056
3.4 498.018
3.5 497.979
3.6 497.939
3.7 497.898
3.8 497.857
3.9 497.815
4 497.772
4.1 497.728
4.2 497.683
4.3 497.638
4.4 497.591
4.5 497.544
4.6 497.495
4.7 497.446
4.8 497.396
4.9 497.344
5 497.292
5.1 497.239
5.2 497.185
5.3 497.129
5.4 497.073
5.5 497.015
5.6 496.956
5.7 496.897
5.8 496.836
5.9 496.773
6 496.71
6.1 496.645
6.2 496.579
6.3 496.512
6.4 496.444
6.5 496.374
6.6 496.303
6.7 496.23
6.8 496.156
6.9 496.081
7 496.004
7.1 495.925
7.2 495.846
7.3 495.764
7.4 495.681
7.5 495.596
7.6 495.51
7.7 495.422
7.8 495.333
7.9 495.241
8 495.148
8.1 495.053
8.2 494.956
8.3 494.858
8.4 494.757
8.5 494.654
8.6 494.55
8.7 494.443
8.8 494.335
8.9 494.224
9 494.111
9.1 493.997
9.2 493.879
9.3 493.76
9.4 493.638
9.5 493.514
9.6 493.388
9.7 493.259
9.8 493.128
9.9 492.994
10 492.857
10.1 492.718
10.2 492.577
10.3 492.432
10.4 492.285
10.5 492.135
10.6 491.982
10.7 491.827
10.8 491.668
10.9 491.506
11 491.342
11.1 491.174
11.2 491.003
11.3 490.828
11.4 490.651
11.5 490.47
11.6 490.286
11.7 490.098
11.8 489.906
11.9 489.711
12 489.513
12.1 489.31
12.2 489.104
12.3 488.894
12.4 488.68
12.5 488.462
12.6 488.24
12.7 488.014
12.8 487.783
12.9 487.548
13 487.309
13.1 487.066
13.2 486.818
13.3 486.565
13.4 486.308
13.5 486.045
13.6 485.778
13.7 485.507
13.8 485.23
13.9 484.948
14 484.66
14.1 484.368
14.2 484.07
14.3 483.767
14.4 483.458
14.5 483.144
14.6 482.824
14.7 482.498
14.8 482.166
14.9 481.828
15 481.484
15.1 481.134
15.2 480.778
15.3 480.415
15.4 480.045
15.5 479.669
15.6 479.287
15.7 478.897
15.8 478.501
15.9 478.097
16 477.687
16.1 477.269
16.2 476.844
16.3 476.411
16.4 475.971
16.5 475.523
16.6 475.067
16.7 474.603
16.8 474.131
16.9 473.651
17 473.163
17.1 472.666
17.2 472.161
17.3 471.647
17.4 471.125
17.5 470.593
17.6 470.053
17.7 469.503
17.8 468.944
17.9 468.375
18 467.798
18.1 467.21
18.2 466.613
18.3 466.005
18.4 465.388
18.5 464.76
18.6 464.123
18.7 463.474
18.8 462.815
18.9 462.146
19 461.466
19.1 460.774
19.2 460.072
19.3 459.358
19.4 458.633
19.5 457.897
19.6 457.149
19.7 456.389
19.8 455.618
19.9 454.834
20 454.038
20.1 453.23
20.2 452.41
20.3 451.577
20.4 450.732
20.5 449.874
20.6 449.003
20.7 448.119
20.8 447.222
20.9 446.312
21 445.388
21.1 444.451
21.2 443.5
21.3 442.536
21.4 441.558
21.5 440.566
21.6 439.561
21.7 438.541
21.8 437.507
21.9 436.458
22 435.396
22.1 434.319
22.2 433.227
22.3 432.121
22.4 431
22.5 429.865
22.6 428.714
22.7 427.549
22.8 426.369
22.9 425.174
23 423.964
23.1 422.739
23.2 421.498
23.3 420.243
23.4 418.972
23.5 417.686
23.6 416.385
23.7 415.069
23.8 413.737
23.9 412.39
24 411.028
24.1 409.65
24.2 408.258
24.3 406.85
24.4 405.427
24.5 403.988
24.6 402.535
24.7 401.066
24.8 399.583
24.9 398.084
25 396.571
25.1 395.043
25.2 393.5
25.3 391.943
25.4 390.371
25.5 388.784
25.6 387.183
25.7 385.568
25.8 383.939
25.9 382.296
26 380.64
26.1 378.969
26.2 377.285
26.3 375.588
26.4 373.878
26.5 372.155
26.6 370.419
26.7 368.671
26.8 366.91
26.9 365.137
27 363.353
27.1 361.556
27.2 359.749
27.3 357.93
27.4 356.1
27.5 354.26
27.6 352.409
27.7 350.549
27.8 348.678
27.9 346.798
28 344.909
28.1 343.011
28.2 341.105
28.3 339.19
28.4 337.267
28.5 335.337
28.6 333.4
28.7 331.455
28.8 329.505
28.9 327.548
29 325.585
29.1 323.617
29.2 321.643
29.3 319.665
29.4 317.683
29.5 315.697
29.6 313.707
29.7 311.714
29.8 309.718
29.9 307.72
30 305.72
30.1 303.718
30.2 301.716
30.3 299.712
30.4 297.708
30.5 295.704
30.6 293.701
30.7 291.698
30.8 289.697
30.9 287.697
31 285.699
31.1 283.704
31.2 281.711
31.3 279.722
31.4 277.736
31.5 275.755
31.6 273.777
31.7 271.805
31.8 269.838
31.9 267.876
32 265.92
32.1 263.971
32.2 262.028
32.3 260.092
32.4 258.163
32.5 256.242
32.6 254.33
32.7 252.425
32.8 250.529
32.9 248.643
33 246.765
33.1 244.898
33.2 243.04
33.3 241.193
33.4 239.356
33.5 237.53
33.6 235.715
33.7 233.911
33.8 232.12
33.9 230.34
34 228.572
34.1 226.816
34.2 225.073
34.3 223.343
34.4 221.626
34.5 219.922
34.6 218.232
34.7 216.555
34.8 214.892
34.9 213.243
35 211.608
35.1 209.987
35.2 208.381
35.3 206.789
35.4 205.212
35.5 203.65
35.6 202.103
35.7 200.57
35.8 199.053
35.9 197.551
36 196.064
36.1 194.593
36.2 193.137
36.3 191.696
36.4 190.271
36.5 188.862
36.6 187.468
36.7 186.089
36.8 184.727
36.9 183.38
37 182.048
37.1 180.733
37.2 179.432
37.3 178.148
37.4 176.879
37.5 175.626
37.6 174.388
37.7 173.166
37.8 171.959
37.9 170.768
38 169.592
38.1 168.432
38.2 167.286
38.3 166.156
38.4 165.041
38.5 163.941
38.6 162.857
38.7 161.787
38.8 160.731
38.9 159.691
39 158.665
39.1 157.654
39.2 156.657
39.3 155.674
39.4 154.706
39.5 153.752
39.6 152.812
39.7 151.885
39.8 150.973
39.9 150.074
40 149.189
40.1 148.317
40.2 147.458
40.3 146.613
40.4 145.78
40.5 144.961
40.6 144.154
40.7 143.36
40.8 142.578
40.9 141.809
41 141.052
41.1 140.307
41.2 139.574
41.3 138.853
41.4 138.143
41.5 137.445
41.6 136.759
41.7 136.084
41.8 135.42
41.9 134.767
42 134.125
42.1 133.493
42.2 132.872
42.3 132.262
42.4 131.662
42.5 131.072
42.6 130.492
42.7 129.922
42.8 129.362
42.9 128.812
43 128.271
43.1 127.739
43.2 127.217
43.3 126.703
43.4 126.199
43.5 125.703
43.6 125.217
43.7 124.738
43.8 124.269
43.9 123.807
44 123.354
44.1 122.909
44.2 122.472
44.3 122.043
44.4 121.621
44.5 121.207
44.6 120.8
44.7 120.401
44.8 120.009
44.9 119.624
45 119.247
45.1 118.876
45.2 118.512
45.3 118.154
45.4 117.803
45.5 117.459
45.6 117.121
45.7 116.789
45.8 116.463
45.9 116.144
46 115.83
46.1 115.522
46.2 115.22
46.3 114.923
46.4 114.632
46.5 114.347
46.6 114.067
46.7 113.792
46.8 113.522
46.9 113.258
47 112.998
47.1 112.743
47.2 112.493
47.3 112.248
47.4 112.008
47.5 111.772
47.6 111.541
47.7 111.314
47.8 111.091
47.9 110.872
48 110.658
48.1 110.448
48.2 110.242
48.3 110.04
48.4 109.842
48.5 109.647
48.6 109.456
48.7 109.269
48.8 109.086
48.9 108.906
49 108.73
49.1 108.557
49.2 108.387
49.3 108.221
49.4 108.058
49.5 107.898
49.6 107.741
49.7 107.587
49.8 107.436
49.9 107.288
50 107.143
50.1 107.001
50.2 106.862
50.3 106.725
50.4 106.591
50.5 106.46
50.6 106.331
50.7 106.205
50.8 106.081
50.9 105.96
51 105.841
51.1 105.724
51.2 105.61
51.3 105.498
51.4 105.388
51.5 105.28
51.6 105.175
51.7 105.071
51.8 104.97
51.9 104.87
52 104.773
52.1 104.677
52.2 104.584
52.3 104.492
52.4 104.402
52.5 104.314
52.6 104.227
52.7 104.142
52.8 104.059
52.9 103.978
53 103.898
53.1 103.82
53.2 103.743
53.3 103.668
53.4 103.594
53.5 103.522
53.6 103.452
53.7 103.382
53.8 103.314
53.9 103.248
54 103.182
54.1 103.118
54.2 103.056
54.3 102.994
54.4 102.934
54.5 102.875
54.6 102.817
54.7 102.76
54.8 102.705
54.9 102.65
55 102.597
55.1 102.545
55.2 102.494
55.3 102.443
55.4 102.394
55.5 102.346
55.6 102.299
55.7 102.252
55.8 102.207
55.9 102.162
56 102.119
56.1 102.076
56.2 102.034
56.3 101.993
56.4 101.953
56.5 101.914
56.6 101.875
56.7 101.837
56.8 101.8
56.9 101.764
57 101.728
57.1 101.693
57.2 101.659
57.3 101.626
57.4 101.593
57.5 101.561
57.6 101.529
57.7 101.498
57.8 101.468
57.9 101.439
58 101.409
58.1 101.381
58.2 101.353
58.3 101.326
58.4 101.299
58.5 101.273
58.6 101.247
58.7 101.222
58.8 101.197
58.9 101.173
59 101.149
59.1 101.126
59.2 101.103
59.3 101.081
59.4 101.059
59.5 101.038
59.6 101.017
59.7 100.996
59.8 100.976
59.9 100.956
60 100.937
60.1 100.918
60.2 100.9
60.3 100.881
60.4 100.863
60.5 100.846
60.6 100.829
60.7 100.812
60.8 100.796
60.9 100.78
61 100.764
61.1 100.748
61.2 100.733
61.3 100.718
61.4 100.704
61.5 100.69
61.6 100.676
61.7 100.662
61.8 100.649
61.9 100.636
62 100.623
62.1 100.61
62.2 100.598
62.3 100.586
62.4 100.574
62.5 100.562
62.6 100.551
62.7 100.54
62.8 100.529
62.9 100.518
63 100.508
63.1 100.497
63.2 100.487
63.3 100.477
63.4 100.468
63.5 100.458
63.6 100.449
63.7 100.44
63.8 100.431
63.9 100.422
64 100.414
64.1 100.405
64.2 100.397
64.3 100.389
64.4 100.381
64.5 100.373
64.6 100.366
64.7 100.358
64.8 100.351
64.9 100.344
65 100.337
65.1 100.33
65.2 100.324
65.3 100.317
65.4 100.311
65.5 100.304
65.6 100.298
65.7 100.292
65.8 100.286
65.9 100.28
66 100.275
66.1 100.269
66.2 100.264
66.3 100.258
66.4 100.253
66.5 100.248
66.6 100.243
66.7 100.238
66.8 100.233
66.9 100.229
67 100.224
67.1 100.219
67.2 100.215
67.3 100.211
67.4 100.206
67.5 100.202
67.6 100.198
67.7 100.194
67.8 100.19
67.9 100.186
68 100.182
68.1 100.179
68.2 100.175
68.3 100.172
68.4 100.168
68.5 100.165
68.6 100.161
68.7 100.158
68.8 100.155
68.9 100.152
69 100.149
69.1 100.146
69.2 100.143
69.3 100.14
69.4 100.137
69.5 100.134
69.6 100.132
69.7 100.129
69.8 100.126
69.9 100.124
70 100.121
70.1 100.119
70.2 100.116
70.3 100.114
70.4 100.112
70.5 100.109
70.6 100.107
70.7 100.105
70.8 100.103
70.9 100.101
71 100.099
71.1 100.097
71.2 100.095
71.3 100.093
71.4 100.091
71.5 100.089
71.6 100.087
71.7 100.086
71.8 100.084
71.9 100.082
72 100.08
72.1 100.079
72.2 100.077
72.3 100.076
72.4 100.074
72.5 100.073
72.6 100.071
72.7 100.07
72.8 100.068
72.9 100.067
73 100.066
73.1 100.064
73.2 100.063
73.3 100.062
73.4 100.06
73.5 100.059
73.6 100.058
73.7 100.057
73.8 100.056
73.9 100.055
74 100.053
74.1 100.052
74.2 100.051
74.3 100.05
74.4 100.049
74.5 100.048
74.6 100.047
74.7 100.046
74.8 100.045
74.9 100.044
75 100.044
75.1 100.043
75.2 100.042
75.3 100.041
75.4 100.04
75.5 100.039
75.6 100.039
75.7 100.038
75.8 100.037
75.9 100.036
76 100.035
76.1 100.035
76.2 100.034
76.3 100.033
76.4 100.033
76.5 100.032
76.6 100.031
76.7 100.031
76.8 100.03
76.9 100.03
77 100.029
77.1 100.028
77.2 100.028
77.3 100.027
77.4 100.027
77.5 100.026
77.6 100.026
77.7 100.025
77.8 100.025
77.9 100.024
78 100.024
78.1 100.023
78.2 100.023
78.3 100.022
78.4 100.022
78.5 100.021
78.6 100.021
78.7 100.02
78.8 100.02
78.9 100.02
79 100.019
79.1 100.019
79.2 100.018
79.3 100.018
79.4 100.018
79.5 100.017
79.6 100.017
79.7 100.017
79.8 100.016
79.9 100.016
80 100.016
80.1 100.015
80.2 100.015
80.3 100.015
80.4 100.014
80.5 100.014
80.6 100.014
80.7 100.014
80.8 100.013
80.9 100.013
81 100.013
81.1 100.012
81.2 100.012
81.3 100.012
81.4 100.012
81.5 100.012
81.6 100.011
81.7 100.011
81.8 100.011
81.9 100.011
82 100.01
82.1 100.01
82.2 100.01
82.3 100.01
82.4 100.01
82.5 100.009
82.6 100.009
82.7 100.009
82.8 100.009
82.9 100.009
83 100.008
83.1 100.008
83.2 100.008
83.3 100.008
83.4 100.008
83.5 100.008
83.6 100.007
83.7 100.007
83.8 100.007
83.9 100.007
84 100.007
84.1 100.007
84.2 100.007
84.3 100.006
84.4 100.006
84.5 100.006
84.6 100.006
84.7 100.006
84.8 100.006
84.9 100.006
85 100.006
85.1 100.006
85.2 100.005
85.3 100.005
85.4 100.005
85.5 100.005
85.6 100.005
85.7 100.005
85.8 100.005
85.9 100.005
86 100.005
86.1 100.004
86.2 100.004
86.3 100.004
86.4 100.004
86.5 100.004
86.6 100.004
86.7 100.004
86.8 100.004
86.9 100.004
87 100.004
87.1 100.004
87.2 100.004
87.3 100.004
87.4 100.003
87.5 100.003
87.6 100.003
87.7 100.003
87.8 100.003
87.9 100.003
88 100.003
88.1 100.003
88.2 100.003
88.3 100.003
88.4 100.003
88.5 100.003
88.6 100.003
88.7 100.003
88.8 100.003
88.9 100.003
89 100.002
89.1 100.002
89.2 100.002
89.3 100.002
89.4 100.002
89.5 100.002
89.6 100.002
89.7 100.002
89.8 100.002
89.9 100.002
90 100.002
90.1 100.002
90.2 100.002
90.3 100.002
90.4 100.002
90.5 100.002
90.6 100.002
90.7 100.002
90.8 100.002
90.9 100.002
91 100.002
91.1 100.002
91.2 100.002
91.3 100.002
91.4 100.002
91.5 100.001
91.6 100.001
91.7 100.001
91.8 100.001
91.9 100.001
92 100.001
92.1 100.001
92.2 100.001
92.3 100.001
92.4 100.001
92.5 100.001
92.6 100.001
92.7 100.001
92.8 100.001
92.9 100.001
93 100.001
93.1 100.001
93.2 100.001
93.3 100.001
93.4 100.001
93.5 100.001
93.6 100.001
93.7 100.001
93.8 100.001
93.9 100.001
94 100.001
94.1 100.001
94.2 100.001
94.3 100.001
94.4 100.001
94.5 100.001
94.6 100.001
94.7 100.001
94.8 100.001
94.9 100.001
95 100.001
95.1 100.001
95.2 100.001
95.3 100.001
95.4 100.001
95.5 100.001
95.6 100.001
95.7 100.001
95.8 100.001
95.9 100.001
96 100.001
96.1 100.001
96.2 100.001
96.3 100.001
96.4 100.001
96.5 100.001
96.6 100.001
96.7 100.001
96.8 100.001
96.9 100
97 100
97.1 100
97.2 100
97.3 100
97.4 100
97.5 100
97.6 100
97.7 100
97.8 100
97.9 100
98 100
98.1 100
98.2 100
98.3 100
98.4 100
98.5 100
98.6 100
98.7 100
98.8 100
98.9 100
99 100
99.1 100
99.2 100
99.3 100
99.4 100
99.5 100
99.6 100
99.7 100
99.8 100
99.9 100
100 100
