0 2.9138
1 2.74814
2 2.74813
3 2.74812
4 2.74812
5 2.74811
6 2.74811
7 2.74811
8 2.7481
9 2.7481
10 2.7481
11 2.7481
12 2.74809
13 2.74809
14 2.74809
15 2.74809
16 2.74808
17 2.74808
18 2.74808
19 2.74808
20 2.74807
21 2.74807
22 2.74807
23 2.74807
24 2.74806
25 2.74806
26 2.74806
27 2.74806
28 2.74806
29 2.74805
30 2.74805
31 2.74805
32 2.74805
33 2.74805
34 2.74804
35 2.74804
36 2.74804
37 2.74804
38 2.74804
39 2.74803
40 2.74803
41 2.74803
42 2.74803
43 2.74803
44 2.74803
45 2.74802
46 2.74802
47 2.74802
48 2.74802
49 2.74802
50 2.74802
51 2.74801
52 2.74801
53 2.74801
54 2.74801
55 2.74801
56 2.74801
57 2.748
58 2.748
59 2.748
60 2.748
61 2.748
62 2.748
63 2.74799
64 2.74799
65 2.74799
66 2.74799
67 2.74799
68 2.74799
69 2.74799
70 2.74798
71 2.74798
72 2.74798
73 2.74798
74 2.74798
75 2.74798
76 2.74798
77 2.74797
78 2.74797
79 2.74797
80 2.74797
81 2.74797
82 2.74797
83 2.74797
84 2.74796
85 2.74796
86 2.74796
87 2.74796
88 2.74796
89 2.74796
90 2.74796
91 2.74796
92 2.74795
93 2.74795
94 2.74795
95 2.74795
96 2.74795
97 2.74795
98 2.74795
99 2.74795
100 2.74794
101 2.74794
102 2.74794
103 2.74794
104 2.74794
105 2.74794
106 2.74794
107 2.74794
108 2.74793
109 2.74793
110 2.74793
111 2.74793
112 2.74793
113 2.74793
114 2.74793
115 2.74793
116 2.74793
117 2.74792
118 2.74792
119 2.74792
120 2.74792
121 2.74792
122 2.74792
123 2.74792
124 2.74792
125 2.74792
126 2.74791
127 2.74791
128 2.74791
129 2.74791
130 2.74791
131 2.74791
132 2.74791
133 2.74791
134 2.74791
135 2.74791
136 2.7479
137 2.7479
138 2.7479
139 2.7479
140 2.7479
141 2.7479
142 2.7479
143 2.7479
144 2.7479
145 2.7479
146 2.74789
147 2.74789
148 2.74789
149 2.74789
150 2.74789
151 2.74789
152 2.74789
153 2.74789
154 2.74789
155 2.74789
156 2.74788
157 2.74788
158 2.74788
159 2.74788
160 2.74788
161 2.74788
162 2.74788
163 2.74788
164 2.74788
165 2.74788
166 2.74788
167 2.74788
168 2.74787
169 2.74787
170 2.74787
171 2.74787
172 2.74787
173 2.74787
174 2.74787
175 2.74787
176 2.74787
177 2.74787
178 2.74787
179 2.74787
180 2.74786
181 2.74786
182 2.74786
183 2.74786
184 2.74786
185 2.74786
186 2.74786
187 2.74786
188 2.74786
189 2.74786
190 2.74786
191 2.74786
192 2.74786
193 2.74785
194 2.74785
195 2.74785
196 2.74785
197 2.74785
198 2.74785
199 2.74785
200 2.74785
201 2.74785
202 2.74785
203 2.74785
204 2.74785
205 2.74785
206 2.74784
207 2.74784
208 2.74784
209 2.74784
210 2.74784
211 2.74784
212 2.74784
213 2.74784
214 2.74784
215 2.74784
216 2.74784
217 2.74784
218 2.74784
219 2.74784
220 2.74784
221 2.74783
222 2.74783
223 2.74783
224 2.74783
225 2.74783
226 2.74783
227 2.74783
228 2.74783
229 2.74783
230 2.74783
231 2.74783
232 2.74783
233 2.74783
234 2.74783
235 2.74783
236 2.74783
237 2.74782
238 2.74782
239 2.74782
240 2.74782
241 2.74782
242 2.74782
243 2.74782
244 2.74782
245 2.74782
246 2.74782
247 2.74782
248 2.74782
249 2.74782
250 2.74782
251 2.74782
252 2.74782
253 2.74782
254 2.74781
255 2.74781
256 2.74781
257 2.74781
258 2.74781
259 2.74781
260 2.74781
261 2.74781
262 2.74781
263 2.74781
264 2.74781
265 2.74781
266 2.74781
267 2.74781
268 2.74781
269 2.74781
270 2.74781
271 2.74781
272 2.7478
273 2.7478
274 2.7478
275 2.7478
276 2.7478
277 2.7478
278 2.7478
279 2.7478
280 2.7478
281 2.7478
282 2.7478
283 2.7478
284 2.7478
285 2.7478
286 2.7478
287 2.7478
288 2.7478
289 2.7478
290 2.7478
291 2.7478
292 2.7478
293 2.74779
294 2.74779
295 2.74779
296 2.74779
297 2.74779
298 2.74779
299 2.74779
300 2.74779
301 2.74779
302 2.74779
303 2.74779
304 2.74779
305 2.74779
306 2.74779
307 2.74779
308 2.74779
309 2.74779
310 2.74779
311 2.74779
312 2.74779
313 2.74779
314 2.74779
315 2.74779
316 2.74778
317 2.74778
318 2.74778
319 2.74778
320 2.74778
321 2.74778
322 2.74778
323 2.74778
324 2.74778
325 2.74778
326 2.74778
327 2.74778
328 2.74778
329 2.74778
330 2.74778
331 2.74778
332 2.74778
333 2.74778
334 2.74778
335 2.74778
336 2.74778
337 2.74778
338 2.74778
339 2.74778
340 2.74778
341 2.74777
342 2.74777
343 2.74777
344 2.74777
345 2.74777
346 2.74777
347 2.74777
348 2.74777
349 2.74777
350 2.74777
351 2.74777
352 2.74777
353 2.74777
354 2.74777
355 2.74777
356 2.74777
357 2.74777
358 2.74777
359 2.74777
360 2.74777
361 2.74777
362 2.74777
363 2.74777
364 2.74777
365 2.74777
366 2.74777
367 2.74777
368 2.74777
369 2.74777
370 2.74777
371 2.74776
372 2.74776
373 2.74776
374 2.74776
375 2.74776
376 2.74776
377 2.74776
378 2.74776
379 2.74776
380 2.74776
381 2.74776
382 2.74776
383 2.74776
384 2.74776
385 2.74776
386 2.74776
387 2.74776
388 2.74776
389 2.74776
390 2.74776
391 2.74776
392 2.74776
393 2.74776
394 2.74776
395 2.74776
396 2.74776
397 2.74776
398 2.74776
399 2.74776
400 2.74776
401 2.74776
402 2.74776
403 2.74776
404 2.74776
405 2.74776
406 2.74776
407 2.74775
408 2.74775
409 2.74775
410 2.74775
411 2.74775
412 2.74775
413 2.74775
414 2.74775
415 2.74775
416 2.74775
417 2.74775
418 2.74775
419 2.74775
420 2.74775
421 2.74775
422 2.74775
423 2.74775
424 2.74775
425 2.74775
426 2.74775
427 2.74775
428 2.74775
429 2.74775
430 2.74775
431 2.74775
432 2.74775
433 2.74775
434 2.74775
435 2.74775
436 2.74775
437 2.74775
438 2.74775
439 2.74775
440 2.74775
441 2.74775
442 2.74775
443 2.74775
444 2.74775
445 2.74775
446 2.74775
447 2.74775
448 2.74775
449 2.74775
450 2.74775
451 2.74774
452 2.74774
453 2.74774
454 2.74774
455 2.74774
456 2.74774
457 2.74774
458 2.74774
459 2.74774
460 2.74774
461 2.74774
462 2.74774
463 2.74774
464 2.74774
465 2.74774
466 2.74774
467 2.74774
468 2.74774
469 2.74774
470 2.74774
471 2.74774
472 2.74774
473 2.74774
474 2.74774
475 2.74774
476 2.74774
477 2.74774
478 2.74774
479 2.74774
480 2.74774
481 2.74774
482 2.74774
483 2.74774
484 2.74774
485 2.74774
486 2.74774
487 2.74774
488 2.74774
489 2.74774
490 2.74774
491 2.74774
492 2.74774
493 2.74774
494 2.74774
495 2.74774
496 2.74774
497 2.74774
498 2.74774
499 2.74774
500 2.74774
501 2.74774
502 2.74774
503 2.74774
504 2.74774
505 2.74774
506 2.74774
507 2.74774
508 2.74774
509 2.74774
510 2.74774
511 2.74774
512 2.74774
513 2.74773
514 2.74773
515 2.74773
516 2.74773
517 2.74773
518 2.74773
519 2.74773
520 2.74773
521 2.74773
522 2.74773
523 2.74773
524 2.74773
525 2.74773
526 2.74773
527 2.74773
528 2.74773
529 2.74773
530 2.74773
531 2.74773
532 2.74773
533 2.74773
534 2.74773
535 2.74773
536 2.74773
537 2.74773
538 2.74773
539 2.74773
540 2.74773
541 2.74773
542 2.74773
543 2.74773
544 2.74773
545 2.74773
546 2.74773
547 2.74773
548 2.74773
549 2.74773
550 2.74773
551 2.74773
552 2.74773
553 2.74773
554 2.74773
555 2.74773
556 2.74773
557 2.74773
558 2.74773
559 2.74773
560 2.74773
561 2.74773
562 2.74773
563 2.74773
564 2.74773
565 2.74773
566 2.74773
567 2.74773
568 2.74773
569 2.74773
570 2.74773
571 2.74773
572 2.74773
573 2.74773
574 2.74773
575 2.74773
576 2.74773
577 2.74773
578 2.74773
579 2.74773
580 2.74773
581 2.74773
582 2.74773
583 2.74773
584 2.74773
585 2.74773
586 2.74773
587 2.74773
588 2.74773
589 2.74773
590 2.74773
591 2.74773
592 2.74773
593 2.74773
594 2.74773
595 2.74773
596 2.74773
597 2.74773
598 2.74773
599 2.74773
600 2.74773
601 2.74773
602 2.74773
603 2.74773
604 2.74773
605 2.74773
606 2.74773
607 2.74773
608 2.74773
609 2.74773
610 2.74773
611 2.74773
612 2.74773
613 2.74773
614 2.74773
615 2.74773
616 2.74773
617 2.74773
618 2.74773
619 2.74773
620 2.74773
621 2.74773
622 2.74773
623 2.74773
624 2.74773
625 2.74773
626 2.74773
627 2.74773
628 2.74773
629 2.74773
630 2.74773
631 2.74773
632 2.74773
633 2.74773
634 2.74773
635 2.74773
636 2.74773
637 2.74773
638 2.74773
