0 132.831
1 83.7345
2 71.7844
3 67.8963
4 66.7854
5 66.8284
6 67.386
7 68.1706
8 69.0387
9 69.91
10 70.738
11 71.4983
12 72.1813
13 72.7864
14 73.3176
15 73.7811
16 74.1839
17 74.5329
18 74.8345
19 75.0947
20 75.3188
21 75.5116
22 75.6773
23 75.8195
24 75.9415
25 76.0461
26 76.1356
27 76.2123
28 76.278
29 76.3341
30 76.3822
31 76.4232
32 76.4583
33 76.4883
34 76.5139
35 76.5358
36 76.5545
37 76.5705
38 76.5842
39 76.5958
40 76.6058
41 76.6142
42 76.6215
43 76.6277
44 76.633
45 76.6375
46 76.6413
47 76.6446
48 76.6474
49 76.6498
50 76.6519
51 76.6536
52 76.6551
53 76.6564
54 76.6575
55 76.6584
56 76.6592
57 76.6599
58 76.6604
59 76.6609
60 76.6614
61 76.6617
62 76.662
63 76.6623
64 76.6625
65 76.6627
66 76.6629
67 76.663
68 76.6631
69 76.6632
70 76.6633
71 76.6634
72 76.6634
73 76.6635
74 76.6635
75 76.6636
76 76.6636
77 76.6636
78 76.6637
79 76.6637
80 76.6637
81 76.6637
82 76.6637
83 76.6637
84 76.6638
85 76.6638
86 76.6638
87 76.6638
88 76.6638
89 76.6638
90 76.6638
91 76.6638
92 76.6638
93 76.6638
94 76.6638
95 76.6638
96 76.6638
97 76.6638
98 76.6638
99 76.6638
