0 3.75097
1 2.91559
2 2.9155
3 2.91545
4 2.9154
5 2.91536
6 2.91533
7 2.91529
8 2.91526
9 2.91523
10 2.9152
11 2.91517
12 2.91515
13 2.91512
14 2.9151
15 2.91507
16 2.91505
17 2.91503
18 2.915
19 2.91498
20 2.91496
21 2.91494
22 2.91492
23 2.9149
24 2.91488
25 2.91486
26 2.91484
27 2.91483
28 2.91481
29 2.91479
30 2.91477
31 2.91476
32 2.91474
33 2.91473
34 2.91471
35 2.9147
36 2.91468
37 2.91467
38 2.91465
39 2.91464
40 2.91462
41 2.91461
42 2.9146
43 2.91458
44 2.91457
45 2.91456
46 2.91454
47 2.91453
48 2.91452
49 2.91451
50 2.9145
51 2.91449
52 2.91447
53 2.91446
54 2.91445
55 2.91444
56 2.91443
57 2.91442
58 2.91441
59 2.9144
60 2.91439
61 2.91438
62 2.91437
63 2.91436
64 2.91435
65 2.91434
66 2.91433
67 2.91433
68 2.91432
69 2.91431
70 2.9143
71 2.91429
72 2.91428
73 2.91428
74 2.91427
75 2.91426
76 2.91425
77 2.91424
78 2.91424
79 2.91423
80 2.91422
81 2.91422
82 2.91421
83 2.9142
84 2.91419
85 2.91419
86 2.91418
87 2.91417
88 2.91417
89 2.91416
90 2.91416
91 2.91415
92 2.91414
93 2.91414
94 2.91413
95 2.91413
96 2.91412
97 2.91411
98 2.91411
99 2.9141
100 2.9141
101 2.91409
102 2.91409
103 2.91408
104 2.91408
105 2.91407
106 2.91407
107 2.91406
108 2.91406
109 2.91405
110 2.91405
111 2.91404
112 2.91404
113 2.91404
114 2.91403
115 2.91403
116 2.91402
117 2.91402
118 2.91401
119 2.91401
120 2.91401
121 2.914
122 2.914
123 2.914
124 2.91399
125 2.91399
126 2.91398
127 2.91398
128 2.91398
129 2.91397
130 2.91397
131 2.91397
132 2.91396
133 2.91396
134 2.91396
135 2.91395
136 2.91395
137 2.91395
138 2.91395
139 2.91394
140 2.91394
141 2.91394
142 2.91393
143 2.91393
144 2.91393
145 2.91393
146 2.91392
147 2.91392
148 2.91392
149 2.91391
150 2.91391
151 2.91391
152 2.91391
153 2.91391
154 2.9139
155 2.9139
156 2.9139
157 2.9139
158 2.91389
159 2.91389
160 2.91389
161 2.91389
162 2.91389
163 2.91388
164 2.91388
165 2.91388
166 2.91388
167 2.91388
168 2.91387
169 2.91387
170 2.91387
171 2.91387
172 2.91387
173 2.91387
174 2.91386
175 2.91386
176 2.91386
177 2.91386
178 2.91386
179 2.91386
180 2.91385
181 2.91385
182 2.91385
183 2.91385
184 2.91385
185 2.91385
186 2.91385
187 2.91385
188 2.91384
189 2.91384
190 2.91384
191 2.91384
192 2.91384
193 2.91384
194 2.91384
195 2.91384
196 2.91383
197 2.91383
198 2.91383
199 2.91383
200 2.91383
201 2.91383
202 2.91383
203 2.91383
204 2.91383
205 2.91383
206 2.91383
207 2.91382
208 2.91382
209 2.91382
210 2.91382
211 2.91382
212 2.91382
213 2.91382
214 2.91382
215 2.91382
216 2.91382
217 2.91382
218 2.91382
219 2.91382
220 2.91381
221 2.91381
222 2.91381
223 2.91381
224 2.91381
225 2.91381
226 2.91381
227 2.91381
228 2.91381
229 2.91381
230 2.91381
231 2.91381
232 2.91381
233 2.91381
234 2.91381
235 2.91381
236 2.91381
237 2.91381
238 2.91381
239 2.91381
240 2.91381
241 2.91381
242 2.91381
243 2.91381
244 2.91381
245 2.9138
246 2.9138
247 2.9138
248 2.9138
249 2.9138
250 2.9138
251 2.9138
252 2.9138
253 2.9138
254 2.9138
255 2.9138
256 2.9138
257 2.9138
258 2.9138
259 2.9138
260 2.9138
261 2.9138
262 2.9138
263 2.9138
