0 9.83446
1 3.75511
2 3.75454
3 3.75425
4 3.75402
5 3.75382
6 3.75364
7 3.75348
8 3.75333
9 3.7532
10 3.75307
11 3.75295
12 3.75284
13 3.75274
14 3.75265
15 3.75256
16 3.75247
17 3.75239
18 3.75232
19 3.75225
20 3.75218
21 3.75212
22 3.75206
23 3.752
24 3.75195
25 3.7519
26 3.75185
27 3.7518
28 3.75176
29 3.75172
30 3.75168
31 3.75164
32 3.75161
33 3.75157
34 3.75154
35 3.75151
36 3.75148
37 3.75145
38 3.75143
39 3.7514
40 3.75138
41 3.75135
42 3.75133
43 3.75131
44 3.75129
45 3.75127
46 3.75126
47 3.75124
48 3.75122
49 3.75121
50 3.75119
51 3.75118
52 3.75117
53 3.75115
54 3.75114
55 3.75113
56 3.75112
57 3.75111
58 3.7511
59 3.75109
60 3.75108
61 3.75107
62 3.75107
63 3.75106
64 3.75105
65 3.75105
66 3.75104
67 3.75103
68 3.75103
69 3.75102
70 3.75102
71 3.75101
72 3.75101
73 3.75101
74 3.751
75 3.751
76 3.75099
77 3.75099
78 3.75099
79 3.75099
80 3.75098
81 3.75098
82 3.75098
83 3.75098
84 3.75098
85 3.75097
86 3.75097
87 3.75097
88 3.75097
89 3.75097
90 3.75097
91 3.75097
92 3.75097
93 3.75097
94 3.75097
95 3.75097
96 3.75097
97 3.75097
