0 76.6638
1 9.77958
2 9.79302
3 9.80303
4 9.81066
5 9.81666
6 9.82146
7 9.82534
8 9.8285
9 9.83108
10 9.8332
11 9.83492
12 9.83634
13 9.83748
14 9.83841
15 9.83915
16 9.83974
17 9.84019
18 9.84054
19 9.84079
20 9.84097
21 9.84108
22 9.84113
23 9.84114
24 9.84112
25 9.84106
26 9.84097
27 9.84087
28 9.84075
29 9.84061
30 9.84047
31 9.84032
32 9.84016
33 9.84
34 9.83984
35 9.83967
36 9.83951
37 9.83935
38 9.83919
39 9.83903
40 9.83887
41 9.83872
42 9.83857
43 9.83843
44 9.83828
45 9.83815
46 9.83801
47 9.83788
48 9.83776
49 9.83764
50 9.83752
51 9.8374
52 9.83729
53 9.83719
54 9.83709
55 9.83699
56 9.83689
57 9.8368
58 9.83671
59 9.83663
60 9.83655
61 9.83647
62 9.83639
63 9.83632
64 9.83625
65 9.83618
66 9.83611
67 9.83605
68 9.83599
69 9.83593
70 9.83588
71 9.83582
72 9.83577
73 9.83572
74 9.83567
75 9.83563
76 9.83558
77 9.83554
78 9.8355
79 9.83546
80 9.83542
81 9.83538
82 9.83535
83 9.83531
84 9.83528
85 9.83525
86 9.83522
87 9.83519
88 9.83516
89 9.83514
90 9.83511
91 9.83509
92 9.83506
93 9.83504
94 9.83502
95 9.835
96 9.83498
97 9.83496
98 9.83494
99 9.83492
100 9.8349
101 9.83488
102 9.83487
103 9.83485
104 9.83484
105 9.83482
106 9.83481
107 9.8348
108 9.83478
109 9.83477
110 9.83476
111 9.83475
112 9.83474
113 9.83473
114 9.83472
115 9.83471
116 9.8347
117 9.83469
118 9.83468
119 9.83467
120 9.83466
121 9.83465
122 9.83465
123 9.83464
124 9.83463
125 9.83463
126 9.83462
127 9.83461
128 9.83461
129 9.8346
130 9.8346
131 9.83459
132 9.83459
133 9.83458
134 9.83458
135 9.83457
136 9.83457
137 9.83456
138 9.83456
139 9.83456
140 9.83455
141 9.83455
142 9.83455
143 9.83454
144 9.83454
145 9.83454
146 9.83453
147 9.83453
148 9.83453
149 9.83452
150 9.83452
151 9.83452
152 9.83452
153 9.83452
154 9.83451
155 9.83451
156 9.83451
157 9.83451
158 9.83451
159 9.8345
160 9.8345
161 9.8345
162 9.8345
163 9.8345
164 9.8345
165 9.83449
166 9.83449
167 9.83449
168 9.83449
169 9.83449
170 9.83449
171 9.83449
172 9.83449
173 9.83448
174 9.83448
175 9.83448
176 9.83448
177 9.83448
178 9.83448
179 9.83448
180 9.83448
181 9.83448
182 9.83448
183 9.83448
184 9.83448
185 9.83447
186 9.83447
187 9.83447
188 9.83447
189 9.83447
190 9.83447
191 9.83447
192 9.83447
193 9.83447
194 9.83447
195 9.83447
196 9.83447
197 9.83447
198 9.83447
199 9.83447
200 9.83447
201 9.83447
202 9.83447
203 9.83447
204 9.83447
205 9.83447
206 9.83447
207 9.83447
208 9.83447
209 9.83447
210 9.83446
211 9.83446
212 9.83446
213 9.83446
214 9.83446
215 9.83446
216 9.83446
217 9.83446
218 9.83446
219 9.83446
220 9.83446
221 9.83446
222 9.83446
223 9.83446
224 9.83446
225 9.83446
226 9.83446
227 9.83446
228 9.83446
229 9.83446
230 9.83446
231 9.83446
232 9.83446
233 9.83446
