0	0.0490677	0.0980171	0.14673	0.19509	0.24298	0.290285	0.33689	0.382683	0.427555	0.471397	0.514103	0.55557	0.595699	0.634393	0.671559	0.707107	0.740951	0.77301	0.803208	0.83147	0.857729	0.881921	0.903989	0.92388	0.941544	0.95694	0.970031	0.980785	0.989177	0.995185	0.998795	1	0.998795	0.995185	0.989177	0.980785	0.970031	0.95694	0.941544	0.92388	0.903989	0.881921	0.857729	0.83147	0.803208	0.77301	0.740951	0.707107	0.671559	0.634393	0.595699	0.55557	0.514103	0.471397	0.427555	0.382683	0.33689	0.290285	0.24298	0.19509	0.14673	0.0980171	0.0490677	-0	
0.0980171	0.135742	0.174209	0.213225	0.252606	0.292173	0.331756	0.371193	0.410326	0.449005	0.487086	0.524431	0.560907	0.59639	0.630758	0.663897	0.695699	0.726059	0.754882	0.782076	0.807555	0.831238	0.853052	0.872929	0.890805	0.906624	0.920335	0.931892	0.941257	0.948395	0.953279	0.955887	0.956202	0.954214	0.949917	0.943311	0.934402	0.9232	0.909723	0.89399	0.876027	0.855865	0.833538	0.809086	0.782552	0.753982	0.723427	0.690939	0.656576	0.620396	0.582459	0.542829	0.501568	0.458742	0.414416	0.368654	0.32152	0.273077	0.223386	0.172504	0.120487	0.0673834	0.0132399	-0.0419044	-0.0980171	
0.19509	0.221673	0.249851	0.279355	0.309934	0.341349	0.373375	0.4058	0.438423	0.471053	0.503511	0.535627	0.567239	0.598195	0.628351	0.657573	0.685731	0.712705	0.738383	0.762659	0.785434	0.806617	0.826121	0.843868	0.859787	0.873811	0.885882	0.895945	0.903954	0.909868	0.91365	0.915272	0.914708	0.911941	0.906957	0.899748	0.89031	0.878645	0.86476	0.848665	0.830373	0.809905	0.787281	0.762527	0.73567	0.706742	0.675775	0.642804	0.607863	0.570989	0.532219	0.491588	0.449132	0.404883	0.358871	0.311125	0.261666	0.210513	0.157678	0.103164	0.0469684	-0.0109235	-0.0705364	-0.131908	-0.19509	
0.290285	0.306011	0.324167	0.344411	0.366426	0.389913	0.414594	0.440208	0.466511	0.493273	0.520278	0.547326	0.574225	0.600799	0.62688	0.652311	0.676946	0.700647	0.723286	0.744743	0.764906	0.783672	0.800945	0.816636	0.830663	0.842952	0.853436	0.862053	0.868747	0.873471	0.876181	0.87684	0.875417	0.871885	0.866222	0.858413	0.848445	0.836311	0.822008	0.805535	0.786897	0.7661	0.743154	0.718069	0.69086	0.661541	0.630128	0.596637	0.561083	0.523479	0.48384	0.442174	0.398488	0.352785	0.305062	0.255308	0.203506	0.149632	0.0936479	0.0355066	-0.0248536	-0.0875092	-0.152554	-0.220101	-0.290285	
0.382683	0.387918	0.396393	0.407696	0.421445	0.437283	0.45488	0.473928	0.49414	0.515248	0.537003	0.559172	0.581537	0.603895	0.626057	0.647845	0.669094	0.68965	0.70937	0.72812	0.745775	0.762221	0.777351	0.791066	0.803276	0.813899	0.822857	0.830081	0.83551	0.839088	0.840763	0.840492	0.838235	0.833958	0.827634	0.819236	0.808746	0.796147	0.781425	0.764572	0.74558	0.724445	0.701164	0.675736	0.64816	0.618435	0.58656	0.552534	0.516351	0.478006	0.437487	0.39478	0.349863	0.302709	0.253282	0.201538	0.14742	0.0908601	0.0317756	-0.0299322	-0.0943801	-0.161706	-0.232069	-0.305657	-0.382683	
0.471397	0.466585	0.465791	0.468536	0.474374	0.482894	0.493715	0.506483	0.520872	0.536576	0.553313	0.570821	0.588854	0.607187	0.625606	0.643916	0.661934	0.679489	0.696423	0.71259	0.727852	0.742085	0.75517	0.767001	0.777477	0.786508	0.794009	0.799905	0.804125	0.806606	0.80729	0.806128	0.803071	0.79808	0.791118	0.782153	0.771156	0.758104	0.742973	0.725746	0.706406	0.684936	0.661322	0.635551	0.607608	0.577478	0.545144	0.510587	0.473783	0.434706	0.393323	0.349595	0.303474	0.254905	0.203821	0.150142	0.0937757	0.034613	-0.0274733	-0.0926306	-0.161029	-0.232864	-0.308361	-0.387774	-0.471397	
0.55557	0.541232	0.531651	0.526282	0.524621	0.526203	0.530601	0.537418	0.546287	0.55687	0.568852	0.581943	0.595872	0.61039	0.625264	0.640279	0.655236	0.669947	0.684243	0.697962	0.710958	0.723094	0.734243	0.744288	0.753122	0.760646	0.766767	0.771403	0.774477	0.775919	0.775665	0.773657	0.769842	0.764172	0.756605	0.7471	0.735622	0.722138	0.706618	0.689035	0.669361	0.64757	0.623638	0.597538	0.569244	0.538725	0.505951	0.470886	0.433488	0.393712	0.351504	0.306802	0.259534	0.209617	0.156954	0.101434	0.0429283	-0.0187103	-0.0836511	-0.152088	-0.224241	-0.300361	-0.380734	-0.465683	-0.55557	
0.634393	0.611122	0.5933	0.58032	0.571623	0.566697	0.565068	0.566299	0.569988	0.575763	0.583281	0.592225	0.6023	0.613236	0.62478	0.6367	0.64878	0.660821	0.672637	0.684057	0.694924	0.705089	0.714418	0.722786	0.730077	0.736184	0.741009	0.744463	0.746461	0.746927	0.745792	0.742992	0.738466	0.732161	0.724028	0.714019	0.702093	0.688208	0.672327	0.654413	0.634432	0.612346	0.588121	0.56172	0.533103	0.502229	0.46905	0.433517	0.395572	0.355151	0.31218	0.266576	0.218244	0.167075	0.112944	0.0557114	-0.0047859	-0.0687311	-0.136333	-0.207828	-0.283485	-0.363606	-0.448533	-0.538651	-0.634393	
0.707107	0.675563	0.650106	0.630073	0.614855	0.603893	0.596673	0.592721	0.591602	0.592913	0.596284	0.601374	0.607867	0.615471	0.623918	0.632959	0.642363	0.651917	0.661425	0.670705	0.679588	0.687919	0.695554	0.70236	0.708214	0.713003	0.716623	0.718976	0.719975	0.719536	0.717585	0.71405	0.708869	0.701979	0.693326	0.682856	0.670522	0.656274	0.640068	0.62186	0.601606	0.579261	0.554781	0.528117	0.49922	0.468036	0.434504	0.398561	0.360133	0.31914	0.275489	0.229079	0.179791	0.127494	0.0720381	0.0132534	-0.0490519	-0.115095	-0.185121	-0.259407	-0.338265	-0.422045	-0.511141	-0.605997	-0.707107	
0.77301	0.733916	0.701487	0.67501	0.65383	0.637347	0.625009	0.61631	0.610783	0.608001	0.607567	0.609119	0.61232	0.616863	0.622462	0.628853	0.635793	0.643058	0.65044	0.657747	0.664803	0.671443	0.677516	0.682883	0.687414	0.69099	0.6935	0.694843	0.694924	0.693657	0.690959	0.686756	0.680978	0.67356	0.664439	0.653559	0.640862	0.626297	0.609811	0.591353	0.570871	0.548312	0.523624	0.496748	0.467625	0.436189	0.40237	0.366089	0.32726	0.285786	0.241559	0.194459	0.144348	0.0910726	0.0344606	-0.0256835	-0.0895798	-0.157476	-0.229649	-0.306414	-0.388122	-0.475166	-0.56799	-0.667087	-0.77301	
0.83147	0.785604	0.746916	0.714649	0.688108	0.666655	0.649706	0.636725	0.62722	0.620738	0.616863	0.615211	0.615431	0.617198	0.620211	0.624196	0.628897	0.63408	0.639528	0.64504	0.650432	0.655532	0.660184	0.664241	0.667568	0.670041	0.671544	0.671971	0.671222	0.669206	0.665837	0.661035	0.654727	0.646841	0.637312	0.626075	0.613072	0.598241	0.581526	0.562869	0.542211	0.519494	0.494654	0.467627	0.438343	0.406727	0.372698	0.336166	0.297032	0.255185	0.210503	0.162849	0.112068	0.0579887	0.000415776	-0.0608682	-0.126108	-0.195578	-0.269586	-0.348479	-0.432642	-0.522509	-0.618565	-0.721351	-0.83147	
0.881921	0.830112	0.785925	0.748563	0.717296	0.691457	0.670433	0.653663	0.640632	0.630867	0.623933	0.619431	0.616994	0.616283	0.616987	0.61882	0.621517	0.624835	0.628549	0.632451	0.636349	0.640068	0.643444	0.646326	0.648574	0.650059	0.650662	0.650272	0.648785	0.646106	0.642146	0.636821	0.630052	0.621765	0.61189	0.600359	0.587107	0.572069	0.555183	0.536385	0.515612	0.492797	0.467871	0.440762	0.411392	0.379678	0.345529	0.308845	0.269516	0.227419	0.18242	0.134366	0.0830888	0.0283982	-0.0299177	-0.0920967	-0.158405	-0.229141	-0.304639	-0.385272	-0.471458	-0.563664	-0.662411	-0.76828	-0.881921	
0.92388	0.866998	0.818108	0.77638	0.741056	0.711443	0.686906	0.666862	0.650777	0.638163	0.62857	0.621585	0.616828	0.613951	0.612633	0.612579	0.613515	0.615192	0.617379	0.619862	0.622445	0.624946	0.627197	0.629043	0.630341	0.630959	0.630772	0.629668	0.627539	0.624287	0.619819	0.614049	0.606894	0.598277	0.588124	0.576363	0.562926	0.547745	0.530751	0.511877	0.491054	0.46821	0.443271	0.416158	0.386786	0.355065	0.320896	0.28417	0.244768	0.202557	0.157392	0.109108	0.0575227	0.00243345	-0.0563878	-0.119196	-0.186275	-0.257943	-0.334556	-0.416512	-0.504254	-0.598277	-0.699134	-0.807439	-0.92388	
0.95694	0.895893	0.843128	0.797792	0.759105	0.726353	0.698883	0.676099	0.657451	0.642437	0.630597	0.621508	0.614781	0.610059	0.607013	0.605343	0.60477	0.605038	0.605911	0.607172	0.60862	0.61007	0.611352	0.612306	0.612787	0.61266	0.611798	0.610086	0.607414	0.603681	0.598793	0.592659	0.585196	0.576323	0.565964	0.554043	0.54049	0.525232	0.508198	0.489317	0.468516	0.445718	0.420845	0.393812	0.364529	0.3329	0.298819	0.26217	0.222828	0.18065	0.135482	0.0871499	0.0354614	-0.019799	-0.0788711	-0.142023	-0.209554	-0.281799	-0.359131	-0.441965	-0.530768	-0.626056	-0.728407	-0.838464	-0.95694	
0.980785	0.916506	0.860719	0.812555	0.771217	0.735979	0.706175	0.681198	0.660488	0.643536	0.629872	0.619067	0.610726	0.604487	0.600016	0.597009	0.595182	0.594276	0.594053	0.594292	0.594791	0.595362	0.595831	0.59604	0.59584	0.595093	0.593673	0.591462	0.588348	0.58423	0.57901	0.572598	0.564907	0.555855	0.545363	0.533355	0.519757	0.504494	0.487492	0.468678	0.447974	0.425302	0.400578	0.373715	0.344618	0.313187	0.279309	0.242866	0.203723	0.161734	0.116736	0.0685493	0.016972	-0.0382193	-0.0972741	-0.160471	-0.22812	-0.300568	-0.378202	-0.461451	-0.550796	-0.646773	-0.749975	-0.861067	-0.980785	
0.995185	0.928626	0.870687	0.820489	0.777228	0.740169	0.70864	0.682027	0.659767	0.641344	0.626286	0.614159	0.604567	0.597144	0.591555	0.587491	0.584669	0.582829	0.58173	0.581151	0.580888	0.580752	0.58057	0.580181	0.579436	0.578198	0.576338	0.573737	0.570286	0.565878	0.560419	0.553814	0.545977	0.536825	0.526278	0.514257	0.500687	0.485493	0.468598	0.449927	0.4294	0.406936	0.382451	0.355852	0.327043	0.295919	0.262367	0.226261	0.187464	0.145827	0.10118	0.0533391	0.00209705	-0.0527757	-0.111535	-0.174466	-0.241887	-0.314152	-0.391657	-0.47484	-0.564194	-0.660263	-0.763655	-0.875045	-0.995185	
1	0.932125	0.872915	0.821487	0.777037	0.738828	0.706188	0.678502	0.655206	0.635785	0.619766	0.606716	0.596237	0.587965	0.581565	0.576729	0.573173	0.570639	0.568885	0.567691	0.566854	0.566186	0.565513	0.564675	0.563523	0.561921	0.559741	0.556863	0.553176	0.548578	0.54297	0.53626	0.528361	0.519189	0.508664	0.496707	0.483242	0.468191	0.45148	0.43303	0.412762	0.390593	0.366436	0.340198	0.311782	0.28108	0.247977	0.212346	0.174048	0.132928	0.0888188	0.04153	-0.00914702	-0.0634452	-0.121624	-0.183971	-0.25081	-0.322497	-0.399432	-0.48206	-0.570876	-0.66643	-0.769335	-0.880273	-1	
0.995185	0.926959	0.867358	0.815506	0.770602	0.731917	0.698781	0.670585	0.64677	0.626823	0.610276	0.596699	0.585699	0.576913	0.570009	0.564683	0.560654	0.557665	0.555477	0.553872	0.552649	0.551622	0.550618	0.54948	0.548059	0.546221	0.543839	0.540794	0.536977	0.532285	0.526621	0.519894	0.512016	0.502905	0.49248	0.480664	0.467379	0.45255	0.4361	0.417952	0.398025	0.376237	0.3525	0.326723	0.298806	0.268642	0.236115	0.201098	0.163451	0.123021	0.0796365	0.0331095	-0.0167698	-0.0702343	-0.127543	-0.188986	-0.254883	-0.325593	-0.401515	-0.483092	-0.570819	-0.665246	-0.766983	-0.876711	-0.995185	
0.980785	0.913169	0.854053	0.802576	0.757949	0.719454	0.686434	0.658287	0.634463	0.614459	0.597813	0.584104	0.572943	0.563975	0.556873	0.551338	0.547094	0.543886	0.541483	0.539669	0.538246	0.537031	0.535856	0.534564	0.533011	0.531063	0.528596	0.525495	0.52165	0.516962	0.511333	0.504676	0.496903	0.487933	0.477687	0.466088	0.45306	0.438529	0.422417	0.40465	0.385148	0.363828	0.340606	0.315388	0.288077	0.258567	0.226744	0.19248	0.155639	0.116067	0.0735969	0.0280412	-0.0208071	-0.0731786	-0.129329	-0.189545	-0.254143	-0.323477	-0.397941	-0.477974	-0.564063	-0.65675	-0.756641	-0.864404	-0.980785	
0.95694	0.890878	0.833109	0.782794	0.739163	0.701516	0.669211	0.641663	0.618334	0.598734	0.582413	0.568958	0.557992	0.549168	0.542168	0.536699	0.532493	0.529302	0.526898	0.525072	0.523632	0.522398	0.521207	0.519906	0.518354	0.516422	0.513987	0.510937	0.507166	0.502576	0.497073	0.490571	0.482985	0.474235	0.464245	0.452939	0.440244	0.426085	0.41039	0.393083	0.374087	0.353323	0.330705	0.306145	0.279546	0.250806	0.219812	0.18644	0.150557	0.112012	0.0706427	0.0262657	-0.0213214	-0.0723434	-0.127051	-0.185722	-0.248667	-0.316231	-0.388799	-0.466799	-0.550707	-0.641053	-0.738425	-0.843479	-0.95694	
0.92388	0.860292	0.804712	0.756326	0.714393	0.678234	0.647232	0.620818	0.598475	0.579728	0.564143	0.551321	0.540897	0.532536	0.52593	0.520796	0.516874	0.513926	0.511732	0.510088	0.508809	0.507721	0.506666	0.505496	0.504077	0.50228	0.49999	0.497097	0.493498	0.4891	0.483811	0.477548	0.470229	0.461777	0.452118	0.441179	0.428889	0.415177	0.399973	0.383203	0.364795	0.344669	0.322746	0.29894	0.273157	0.245298	0.215256	0.182911	0.148135	0.110782	0.070696	0.0277	-0.0184008	-0.0678231	-0.120808	-0.177625	-0.238571	-0.303982	-0.374226	-0.449717	-0.530914	-0.618329	-0.712528	-0.814145	-0.92388	
0.881921	0.821699	0.769119	0.723405	0.683846	0.649796	0.620662	0.595901	0.575018	0.55756	0.543109	0.531285	0.521738	0.514146	0.508217	0.503678	0.50028	0.497795	0.496012	0.494737	0.493791	0.493008	0.492236	0.491335	0.490173	0.48863	0.486594	0.483959	0.480629	0.476512	0.471522	0.465578	0.458603	0.450524	0.441268	0.430768	0.418954	0.405761	0.39112	0.374962	0.357217	0.337813	0.316671	0.29371	0.268842	0.241974	0.213002	0.181815	0.148288	0.112286	0.0736588	0.0322389	-0.0121587	-0.05974	-0.110734	-0.165397	-0.224013	-0.286898	-0.354405	-0.426929	-0.504904	-0.588819	-0.679215	-0.776693	-0.881921	
0.83147	0.775463	0.72666	0.684326	0.647791	0.616441	0.589717	0.567105	0.548136	0.532381	0.519446	0.508969	0.50062	0.494093	0.489111	0.485415	0.48277	0.48096	0.479782	0.479055	0.478606	0.478281	0.477934	0.47743	0.476648	0.475471	0.473793	0.471515	0.468544	0.464795	0.460185	0.454638	0.448081	0.440445	0.431662	0.421668	0.410398	0.397791	0.383781	0.368306	0.351299	0.332692	0.312413	0.290385	0.266528	0.240753	0.212964	0.183057	0.150916	0.116415	0.0794136	0.0397552	-0.00273309	-0.048244	-0.0969922	-0.149217	-0.205184	-0.265192	-0.32957	-0.398687	-0.472955	-0.552829	-0.638819	-0.73149	-0.83147	
0.77301	0.722024	0.677732	0.639449	0.606549	0.57846	0.554657	0.534663	0.518038	0.504381	0.493322	0.484524	0.477676	0.472494	0.468715	0.466099	0.464425	0.463488	0.4631	0.46309	0.463297	0.463573	0.463784	0.463803	0.463514	0.46281	0.46159	0.459761	0.457236	0.453935	0.449782	0.444705	0.438636	0.43151	0.423265	0.413841	0.403179	0.391221	0.377908	0.363181	0.34698	0.329242	0.309902	0.28889	0.266131	0.241544	0.215043	0.186531	0.155904	0.123045	0.0878247	0.0501011	0.00971484	-0.033511	-0.0797739	-0.129294	-0.182316	-0.239115	-0.299995	-0.365296	-0.435399	-0.510724	-0.591743	-0.678978	-0.77301	
0.707107	0.661891	0.622794	0.589188	0.560496	0.53619	0.515789	0.498851	0.484972	0.47378	0.464936	0.458127	0.453065	0.449489	0.447155	0.44584	0.445339	0.445464	0.446039	0.446906	0.447914	0.448929	0.449824	0.450481	0.450794	0.450662	0.449993	0.448699	0.446702	0.443926	0.440301	0.435762	0.430245	0.423692	0.416045	0.407251	0.397254	0.386004	0.373446	0.359528	0.344196	0.327394	0.309063	0.28914	0.26756	0.24425	0.219132	0.192121	0.163123	0.132034	0.0987389	0.0631091	0.025002	-0.0157415	-0.0592989	-0.105869	-0.155672	-0.208957	-0.265998	-0.327104	-0.392619	-0.462926	-0.53845	-0.619667	-0.707107	
0.634393	0.595637	0.562366	0.534013	0.510054	0.490015	0.473456	0.459979	0.449217	0.440831	0.434513	0.429979	0.426968	0.425239	0.424572	0.424764	0.425626	0.426986	0.428685	0.430576	0.432524	0.434403	0.436098	0.437502	0.438516	0.439049	0.439017	0.438339	0.436944	0.434764	0.431733	0.427794	0.422889	0.416965	0.409972	0.40186	0.392582	0.382092	0.370343	0.357288	0.342881	0.327073	0.309813	0.291047	0.270717	0.248761	0.225113	0.199697	0.172433	0.143229	0.111987	0.0785937	0.042925	0.00484165	-0.035812	-0.0792101	-0.125547	-0.175042	-0.227937	-0.284504	-0.345049	-0.409909	-0.479464	-0.554136	-0.634393	
0.55557	0.523896	0.497021	0.474441	0.455694	0.440357	0.428042	0.418392	0.411082	0.405812	0.402305	0.400307	0.399586	0.399926	0.40113	0.403015	0.405412	0.408167	0.411136	0.414188	0.417199	0.420058	0.42266	0.42491	0.426717	0.428	0.428683	0.428695	0.42797	0.426448	0.424072	0.420789	0.416549	0.411306	0.405015	0.397633	0.389121	0.379437	0.368543	0.356399	0.342966	0.328203	0.312068	0.294516	0.275499	0.254965	0.23286	0.209121	0.18368	0.156463	0.127385	0.0963531	0.063262	0.0279945	-0.00958124	-0.0496129	-0.0922661	-0.137727	-0.186203	-0.237928	-0.293162	-0.352198	-0.415362	-0.483017	-0.55557	
0.471397	0.447356	0.427381	0.411036	0.397923	0.387676	0.379959	0.374465	0.370908	0.369028	0.368585	0.369357	0.371141	0.373748	0.377005	0.380751	0.384839	0.389131	0.393503	0.397836	0.402025	0.405967	0.409573	0.412757	0.415439	0.417549	0.419018	0.419784	0.419791	0.418984	0.417315	0.414738	0.411211	0.406692	0.401146	0.394536	0.386828	0.37799	0.367991	0.356798	0.344379	0.330704	0.315739	0.299448	0.281795	0.26274	0.242239	0.220245	0.196703	0.171556	0.144737	0.116171	0.0857748	0.0534549	0.0191049	-0.0173946	-0.0561779	-0.0973965	-0.141221	-0.187842	-0.237475	-0.29036	-0.346768	-0.407001	-0.471397	
0.382683	0.366751	0.35411	0.344398	0.337285	0.332464	0.329655	0.328598	0.329055	0.330806	0.333648	0.337394	0.34187	0.346918	0.352388	0.358143	0.364058	0.370015	0.375905	0.381629	0.387093	0.392212	0.396906	0.401102	0.404733	0.407735	0.410052	0.411631	0.412422	0.41238	0.411464	0.409636	0.40686	0.403105	0.398338	0.392534	0.385664	0.377704	0.36863	0.358419	0.347048	0.334494	0.320733	0.305741	0.289492	0.271959	0.253111	0.232914	0.211331	0.18832	0.163833	0.137817	0.110211	0.0809444	0.0499397	0.017107	-0.017655	-0.0544613	-0.0934421	-0.134745	-0.178535	-0.225	-0.27435	-0.326823	-0.382683	
0.290285	0.282854	0.277908	0.275163	0.274354	0.27524	0.277596	0.281215	0.285906	0.291491	0.297806	0.304698	0.312028	0.319663	0.327483	0.335375	0.343233	0.350963	0.358472	0.365678	0.372504	0.378878	0.384734	0.390011	0.394652	0.398605	0.401824	0.404263	0.405883	0.406648	0.406523	0.405479	0.403488	0.400525	0.396567	0.391594	0.385587	0.378529	0.370405	0.361199	0.350897	0.339488	0.326956	0.313289	0.298473	0.282492	0.26533	0.246968	0.227386	0.206559	0.184459	0.161053	0.136305	0.110172	0.0826015	0.0535372	0.0229117	-0.00935206	-0.0433423	-0.0791599	-0.11692	-0.156754	-0.19881	-0.243257	-0.290285	
0.19509	0.196471	0.199506	0.203989	0.209728	0.216545	0.224274	0.232761	0.241862	0.251445	0.261385	0.271565	0.281878	0.292223	0.302505	0.312637	0.322537	0.332128	0.34134	0.350106	0.358365	0.36606	0.373139	0.379552	0.385256	0.390208	0.394371	0.397711	0.400198	0.401802	0.402499	0.402267	0.401085	0.398938	0.395809	0.391686	0.386559	0.380419	0.373258	0.365071	0.355853	0.345601	0.334312	0.321984	0.308616	0.294204	0.278747	0.262242	0.244684	0.226069	0.206387	0.185631	0.163785	0.140834	0.116757	0.0915278	0.0651158	0.037483	0.00858444	-0.0216331	-0.0532322	-0.086286	-0.120879	-0.15711	-0.19509	
0.0980171	0.108432	0.119656	0.131559	0.144024	0.156938	0.170193	0.183691	0.197336	0.211041	0.224721	0.238297	0.251695	0.264843	0.277675	0.29013	0.302147	0.313671	0.324651	0.335039	0.344788	0.353857	0.362207	0.369802	0.376609	0.382597	0.387739	0.392012	0.395392	0.397861	0.399402	0.400001	0.399646	0.398329	0.396042	0.392781	0.388543	0.383327	0.377136	0.369972	0.361841	0.35275	0.342706	0.331719	0.3198	0.306959	0.29321	0.278566	0.263039	0.246643	0.229391	0.211295	0.192369	0.172621	0.152063	0.1307	0.10854	0.085583	0.0618295	0.0372748	0.0119099	-0.0142789	-0.0413112	-0.0692128	-0.0980171	
1.22465e-16	0.0195857	0.0391242	0.0585684	0.0778715	0.096987	0.115869	0.134472	0.15275	0.170661	0.188161	0.205207	0.221759	0.237777	0.253223	0.268058	0.282247	0.295757	0.308554	0.320608	0.331889	0.342371	0.352029	0.360838	0.368778	0.375829	0.381976	0.387202	0.391495	0.394845	0.397244	0.398686	0.399168	0.398688	0.397247	0.394849	0.391501	0.387209	0.381984	0.375839	0.368788	0.360849	0.35204	0.342384	0.331902	0.320621	0.308567	0.29577	0.282261	0.268071	0.253236	0.23779	0.221771	0.205219	0.188171	0.170671	0.152759	0.134479	0.115875	0.0969922	0.0778756	0.0585714	0.0391261	0.0195866	-1.22465e-16	
-0.0980171	-0.0692138	-0.0413131	-0.0142819	0.0119058	0.0372696	0.0618232	0.0855757	0.108531	0.130691	0.152053	0.17261	0.192357	0.211283	0.229378	0.24663	0.263026	0.278553	0.293198	0.306947	0.319788	0.331708	0.342696	0.352741	0.361833	0.369965	0.37713	0.383322	0.388539	0.392779	0.396041	0.39833	0.399648	0.400004	0.399407	0.397867	0.395399	0.39202	0.387749	0.382608	0.376621	0.369815	0.362221	0.353871	0.344802	0.335053	0.324666	0.313686	0.302161	0.290144	0.277689	0.264856	0.251707	0.238309	0.224732	0.211051	0.197345	0.183698	0.170199	0.156943	0.144028	0.131562	0.119657	0.108433	0.0980171	
-0.19509	-0.157111	-0.120881	-0.086289	-0.0532363	-0.0216382	0.00857826	0.0374758	0.0651076	0.0915188	0.116747	0.140824	0.163774	0.185619	0.206376	0.226057	0.244673	0.26223	0.278736	0.294193	0.308606	0.321975	0.334304	0.345594	0.355847	0.365066	0.373254	0.380416	0.386558	0.391686	0.39581	0.39894	0.401089	0.402272	0.402506	0.40181	0.400207	0.397722	0.394383	0.39022	0.385269	0.379567	0.373154	0.366076	0.358381	0.350122	0.341355	0.332143	0.322552	0.312652	0.302519	0.292236	0.281891	0.271577	0.261395	0.251455	0.241871	0.232768	0.22428	0.21655	0.209732	0.203992	0.199508	0.196471	0.19509	
-0.290285	-0.243258	-0.198812	-0.156757	-0.116924	-0.0791649	-0.0433483	-0.009359	0.0229039	0.0535287	0.0825923	0.110162	0.136295	0.161043	0.184448	0.206548	0.227376	0.246958	0.26532	0.282483	0.298464	0.313281	0.326949	0.339482	0.350893	0.361195	0.370402	0.378528	0.385588	0.391596	0.39657	0.40053	0.403494	0.405486	0.406532	0.406658	0.405894	0.404275	0.401837	0.398619	0.394666	0.390026	0.38475	0.378894	0.372521	0.365695	0.358488	0.350979	0.343249	0.33539	0.327497	0.319677	0.312041	0.30471	0.297816	0.2915	0.285914	0.281223	0.277602	0.275245	0.274358	0.275165	0.27791	0.282854	0.290285	
-0.382683	-0.326824	-0.274352	-0.225003	-0.178539	-0.134749	-0.0934479	-0.0544679	-0.0176624	0.017099	0.0499311	0.0809354	0.110201	0.137808	0.163824	0.188311	0.211322	0.232905	0.253103	0.271952	0.289486	0.305735	0.320728	0.33449	0.347045	0.358418	0.36863	0.377705	0.385666	0.392537	0.398344	0.403111	0.406868	0.409645	0.411475	0.412392	0.412435	0.411645	0.410067	0.407751	0.404749	0.401119	0.396923	0.392229	0.38711	0.381646	0.375922	0.370031	0.364074	0.358159	0.352402	0.346931	0.341883	0.337405	0.333658	0.330815	0.329063	0.328604	0.32966	0.332469	0.337289	0.344401	0.354111	0.366751	0.382683	
-0.471397	-0.407002	-0.34677	-0.290363	-0.237479	-0.187847	-0.141226	-0.0974028	-0.0561848	-0.0174021	0.0190969	0.0534466	0.0857663	0.116162	0.144728	0.171548	0.196696	0.220237	0.242233	0.262734	0.28179	0.299444	0.315736	0.330702	0.344379	0.356798	0.367993	0.377994	0.386833	0.394542	0.401153	0.406701	0.41122	0.414749	0.417327	0.418997	0.419805	0.419799	0.419034	0.417565	0.415457	0.412774	0.409591	0.405985	0.402042	0.397854	0.39352	0.389148	0.384855	0.380766	0.377019	0.373761	0.371153	0.369368	0.368595	0.369037	0.370915	0.374471	0.379965	0.38768	0.397926	0.411038	0.427382	0.447357	0.471397	
-0.55557	-0.483018	-0.415364	-0.352201	-0.293166	-0.237932	-0.186208	-0.137733	-0.0922725	-0.0496197	-0.00958844	0.0279871	0.0632545	0.0963457	0.127378	0.156456	0.183674	0.209115	0.232855	0.254961	0.275495	0.294513	0.312067	0.328203	0.342967	0.356402	0.368547	0.379442	0.389127	0.397641	0.405024	0.411316	0.416561	0.420802	0.424086	0.426463	0.427986	0.428711	0.4287	0.428018	0.426735	0.424928	0.422679	0.420077	0.417217	0.414206	0.411154	0.408184	0.405428	0.40303	0.401144	0.39994	0.399598	0.400318	0.402314	0.40582	0.41109	0.418398	0.428046	0.440361	0.455697	0.474443	0.497022	0.523897	0.55557	
-0.634393	-0.554136	-0.479466	-0.409912	-0.345052	-0.284508	-0.227941	-0.175047	-0.125553	-0.0792163	-0.0358184	0.00483515	0.0429185	0.0785874	0.111981	0.143224	0.172428	0.199693	0.225109	0.248759	0.270715	0.291046	0.309814	0.327075	0.342885	0.357293	0.370348	0.382099	0.39259	0.40187	0.409983	0.416977	0.422902	0.427808	0.431749	0.43478	0.436961	0.438357	0.439035	0.439068	0.438535	0.437521	0.436117	0.434422	0.432542	0.430594	0.428703	0.427003	0.425642	0.424779	0.424587	0.425252	0.42698	0.42999	0.434522	0.440839	0.449223	0.459985	0.473461	0.490018	0.510057	0.534014	0.562367	0.595637	0.634393	
-0.707107	-0.619668	-0.538452	-0.462928	-0.392622	-0.327108	-0.266002	-0.208961	-0.155677	-0.105874	-0.0593045	-0.015747	0.0249966	0.063104	0.0987342	0.13203	0.16312	0.192118	0.21913	0.244249	0.26756	0.289141	0.309065	0.327398	0.344201	0.359534	0.373453	0.386012	0.397264	0.407262	0.416058	0.423705	0.43026	0.435778	0.440318	0.443944	0.44672	0.448718	0.450012	0.450681	0.450814	0.450501	0.449843	0.448948	0.447933	0.446924	0.446057	0.44548	0.445355	0.445855	0.447168	0.449501	0.453077	0.458137	0.464945	0.473788	0.484978	0.498856	0.515793	0.536193	0.560498	0.589189	0.622795	0.661891	0.707107	
-0.77301	-0.678978	-0.591744	-0.510726	-0.435401	-0.3653	-0.299998	-0.239119	-0.182321	-0.129298	-0.0797786	-0.0335156	0.00971054	0.0500971	0.0878213	0.123042	0.155902	0.18653	0.215043	0.241545	0.266132	0.288893	0.309906	0.329248	0.346987	0.363189	0.377917	0.391231	0.403191	0.413854	0.423279	0.431525	0.438652	0.444722	0.4498	0.453954	0.457255	0.45978	0.461609	0.46283	0.463534	0.463823	0.463804	0.463593	0.463315	0.463108	0.463118	0.463504	0.46444	0.466114	0.468728	0.472506	0.477687	0.484533	0.49333	0.504388	0.518044	0.534668	0.554661	0.578462	0.606551	0.63945	0.677733	0.722024	0.77301	
-0.83147	-0.73149	-0.63882	-0.552831	-0.472957	-0.39869	-0.329573	-0.265195	-0.205188	-0.149221	-0.0969959	-0.0482475	-0.00273628	0.0397525	0.0794114	0.116414	0.150915	0.183057	0.212965	0.240755	0.266531	0.29039	0.312418	0.332699	0.351307	0.368316	0.383792	0.397803	0.410411	0.421682	0.431677	0.440461	0.448098	0.454656	0.460203	0.464814	0.468564	0.471535	0.473813	0.475491	0.476668	0.47745	0.477953	0.4783	0.478625	0.479072	0.479799	0.480975	0.482785	0.485429	0.489123	0.494104	0.500629	0.508978	0.519453	0.532387	0.548141	0.567108	0.589719	0.616443	0.647792	0.684327	0.726661	0.775463	0.83147	
-0.881921	-0.776693	-0.679216	-0.588821	-0.504906	-0.426931	-0.354408	-0.286901	-0.224016	-0.1654	-0.110737	-0.0597425	-0.0121608	0.0322373	0.0736578	0.112286	0.148289	0.181816	0.213005	0.241978	0.268847	0.293716	0.316678	0.337821	0.357227	0.374973	0.391132	0.405774	0.418969	0.430783	0.441284	0.450541	0.458621	0.465597	0.471541	0.476532	0.480649	0.483979	0.486614	0.48865	0.490193	0.491354	0.492255	0.493026	0.493809	0.494754	0.496029	0.49781	0.500294	0.50369	0.508228	0.514157	0.521747	0.531293	0.543115	0.557565	0.575023	0.595904	0.620664	0.649798	0.683847	0.723405	0.769119	0.821699	0.881921	
-0.92388	-0.814145	-0.712529	-0.61833	-0.530916	-0.449719	-0.374228	-0.303984	-0.238574	-0.177627	-0.12081	-0.0678246	-0.0184018	0.0276996	0.0706963	0.110783	0.148137	0.182915	0.21526	0.245304	0.273163	0.298947	0.322755	0.344679	0.364806	0.383216	0.399986	0.415192	0.428904	0.441195	0.452135	0.461795	0.470247	0.477567	0.483831	0.48912	0.493519	0.497117	0.50001	0.5023	0.504096	0.505516	0.506685	0.507739	0.508826	0.510105	0.511747	0.513941	0.516888	0.520808	0.525941	0.532546	0.540906	0.551328	0.564149	0.579733	0.598479	0.620821	0.647233	0.678235	0.714393	0.756326	0.804711	0.860292	0.92388	
-0.95694	-0.843479	-0.738426	-0.641054	-0.550709	-0.466801	-0.388801	-0.316233	-0.248668	-0.185723	-0.127052	-0.072344	-0.0213214	0.0262664	0.0706442	0.112015	0.15056	0.186444	0.219817	0.250812	0.279554	0.306154	0.330715	0.353334	0.374099	0.393096	0.410404	0.426101	0.44026	0.452956	0.464263	0.474254	0.483004	0.490591	0.497093	0.502596	0.507186	0.510957	0.514007	0.516442	0.518374	0.519925	0.521225	0.522416	0.523649	0.525088	0.526913	0.529315	0.532505	0.53671	0.542178	0.549177	0.558	0.568964	0.582417	0.598738	0.618337	0.641665	0.669212	0.701516	0.739163	0.782793	0.833109	0.890877	0.95694	
-0.980785	-0.864404	-0.756641	-0.656751	-0.564064	-0.477975	-0.397943	-0.323478	-0.254144	-0.189546	-0.12933	-0.0731782	-0.0208061	0.028043	0.0735995	0.116071	0.155643	0.192486	0.22675	0.258575	0.288086	0.315398	0.340617	0.363841	0.385161	0.404664	0.422433	0.438545	0.453077	0.466106	0.477705	0.487952	0.496922	0.504695	0.511353	0.516982	0.52167	0.525515	0.528616	0.531083	0.53303	0.534582	0.535873	0.537048	0.538262	0.539684	0.541497	0.543899	0.547105	0.551348	0.556882	0.563982	0.572949	0.584109	0.597817	0.614461	0.634464	0.658288	0.686434	0.719454	0.757948	0.802575	0.854052	0.913169	0.980785	
-0.995185	-0.876711	-0.766984	-0.665246	-0.57082	-0.483093	-0.401515	-0.325593	-0.254883	-0.188985	-0.127543	-0.070233	-0.0167678	0.0331122	0.0796401	0.123025	0.163457	0.201105	0.236123	0.268651	0.298816	0.326734	0.352512	0.37625	0.398039	0.417967	0.436116	0.452567	0.467397	0.480682	0.492499	0.502924	0.512036	0.519913	0.526641	0.532305	0.536997	0.540813	0.543858	0.54624	0.548078	0.549497	0.550635	0.551637	0.552664	0.553886	0.55549	0.557676	0.560665	0.564692	0.570017	0.576919	0.585704	0.596703	0.610279	0.626825	0.646771	0.670586	0.698781	0.731916	0.770601	0.815505	0.867357	0.926959	0.995185	
-1	-0.880273	-0.769335	-0.66643	-0.570876	-0.48206	-0.399432	-0.322497	-0.250809	-0.18397	-0.121622	-0.0634432	-0.00914422	0.0415337	0.0888233	0.132934	0.174054	0.212353	0.247986	0.28109	0.311793	0.34021	0.366448	0.390607	0.412777	0.433046	0.451497	0.468208	0.483259	0.496725	0.508683	0.519208	0.52838	0.536279	0.542989	0.548597	0.553195	0.556882	0.559759	0.561939	0.563541	0.564691	0.565528	0.5662	0.566868	0.567704	0.568896	0.570649	0.573182	0.576737	0.581572	0.587971	0.596241	0.606719	0.619768	0.635786	0.655207	0.678502	0.706187	0.738827	0.777035	0.821485	0.872913	0.932124	1	
-0.995185	-0.875045	-0.763655	-0.660263	-0.564194	-0.474841	-0.391656	-0.314152	-0.241886	-0.174465	-0.111533	-0.0527729	0.0021006	0.0533435	0.101185	0.145833	0.187472	0.226269	0.262376	0.295929	0.327054	0.355864	0.382464	0.406951	0.429415	0.449942	0.468615	0.48551	0.500705	0.514275	0.526296	0.536844	0.545996	0.553833	0.560438	0.565897	0.570304	0.573756	0.576355	0.578215	0.579452	0.580196	0.580584	0.580765	0.5809	0.581162	0.58174	0.582838	0.584677	0.587498	0.59156	0.597148	0.60457	0.614161	0.626287	0.641344	0.659766	0.682026	0.708639	0.740167	0.777226	0.820488	0.870686	0.928625	0.995185	
-0.980785	-0.861067	-0.749976	-0.646773	-0.550796	-0.461451	-0.378201	-0.300567	-0.228119	-0.160469	-0.0972715	-0.0382159	0.0169762	0.0685543	0.116742	0.161741	0.203731	0.242875	0.279319	0.313198	0.34463	0.373728	0.400592	0.425316	0.447989	0.468694	0.487509	0.504511	0.519774	0.533373	0.545381	0.555873	0.564925	0.572616	0.579029	0.584248	0.588366	0.591479	0.59369	0.595109	0.595855	0.596054	0.595845	0.595374	0.594802	0.594303	0.594062	0.594284	0.595188	0.597014	0.600021	0.60449	0.610728	0.619068	0.629872	0.643535	0.660487	0.681196	0.706173	0.735977	0.771215	0.812553	0.860718	0.916505	0.980785	
-0.95694	-0.838464	-0.728407	-0.626056	-0.530768	-0.441965	-0.35913	-0.281798	-0.209552	-0.142021	-0.0788679	-0.019795	0.0354661	0.0871555	0.135488	0.180657	0.222836	0.26218	0.298829	0.332911	0.364541	0.393824	0.420858	0.445733	0.468531	0.489333	0.508214	0.525249	0.540507	0.554061	0.565981	0.576341	0.585214	0.592677	0.59881	0.603699	0.607431	0.610102	0.611814	0.612675	0.612801	0.612319	0.611364	0.610082	0.60863	0.607181	0.605919	0.605045	0.604776	0.605347	0.607017	0.610061	0.614782	0.621508	0.630596	0.642436	0.657449	0.676096	0.698881	0.72635	0.759102	0.79779	0.843127	0.895892	0.95694	
-0.92388	-0.807439	-0.699133	-0.598276	-0.504253	-0.416511	-0.334555	-0.257941	-0.186272	-0.119193	-0.0563842	0.00243778	0.0575278	0.109114	0.157398	0.202565	0.244776	0.284179	0.320906	0.355076	0.386798	0.41617	0.443284	0.468224	0.491069	0.511892	0.530767	0.547761	0.562943	0.57638	0.588141	0.598294	0.606911	0.614065	0.619835	0.624303	0.627554	0.629683	0.630787	0.630972	0.630354	0.629055	0.627208	0.624955	0.622454	0.61987	0.617386	0.615198	0.613519	0.612582	0.612635	0.613952	0.616828	0.621584	0.628569	0.638161	0.650775	0.666859	0.686903	0.71144	0.741053	0.776378	0.818106	0.866997	0.92388	
-0.881921	-0.76828	-0.66241	-0.563663	-0.471457	-0.385271	-0.304637	-0.229139	-0.158403	-0.0920935	-0.0299138	0.0284028	0.0830942	0.134372	0.182427	0.227427	0.269525	0.308855	0.34554	0.37969	0.411404	0.440774	0.467884	0.492811	0.515626	0.5364	0.555198	0.572085	0.587123	0.600375	0.611906	0.621781	0.630068	0.636836	0.642161	0.646121	0.648799	0.650286	0.650675	0.650072	0.648586	0.646337	0.643454	0.640077	0.636357	0.632457	0.628554	0.624839	0.621521	0.618822	0.616989	0.616283	0.616993	0.61943	0.623931	0.630864	0.640629	0.65366	0.67043	0.691454	0.717293	0.74856	0.785923	0.830111	0.881921	
-0.83147	-0.72135	-0.618565	-0.522509	-0.432641	-0.348477	-0.269585	-0.195576	-0.126105	-0.0608648	0.000419847	0.0579935	0.112074	0.162855	0.21051	0.255193	0.29704	0.336175	0.372708	0.406738	0.438354	0.467639	0.494667	0.519507	0.542225	0.562883	0.581541	0.598256	0.613087	0.62609	0.637327	0.646856	0.654742	0.66105	0.665851	0.669219	0.671235	0.671983	0.671556	0.670052	0.667578	0.66425	0.660192	0.655539	0.650438	0.645045	0.639532	0.634083	0.628899	0.624197	0.620211	0.617197	0.61543	0.615209	0.61686	0.620735	0.627217	0.636722	0.649702	0.666651	0.688105	0.714647	0.746914	0.785603	0.83147	
-0.77301	-0.667087	-0.56799	-0.475166	-0.388121	-0.306413	-0.229648	-0.157473	-0.0895769	-0.02568	0.0344648	0.0910775	0.144353	0.194465	0.241566	0.285794	0.327268	0.366098	0.40238	0.4362	0.467636	0.49676	0.523636	0.548325	0.570884	0.591366	0.609825	0.626311	0.640876	0.653572	0.664453	0.673573	0.680991	0.686769	0.690971	0.693669	0.694936	0.694854	0.693511	0.690999	0.687423	0.682891	0.677523	0.671449	0.664808	0.657751	0.650443	0.64306	0.635794	0.628853	0.622461	0.616862	0.612318	0.609116	0.607564	0.607997	0.61078	0.616306	0.625006	0.637344	0.653827	0.675007	0.701485	0.733915	0.77301	
-0.707107	-0.605996	-0.511141	-0.422044	-0.338264	-0.259406	-0.185119	-0.115093	-0.049049	0.0132569	0.0720422	0.127499	0.179796	0.229085	0.275496	0.319147	0.360141	0.39857	0.434514	0.468046	0.499231	0.528128	0.554792	0.579273	0.601618	0.621873	0.640081	0.656286	0.670534	0.682869	0.693338	0.701991	0.708881	0.714062	0.717596	0.719547	0.719985	0.718986	0.716631	0.713011	0.708221	0.702366	0.695559	0.687924	0.679592	0.670708	0.661427	0.651918	0.642363	0.632958	0.623917	0.61547	0.607864	0.601371	0.596281	0.592909	0.591598	0.592717	0.596669	0.60389	0.614852	0.63007	0.650104	0.675562	0.707107	
-0.634393	-0.538651	-0.448533	-0.363605	-0.283484	-0.207827	-0.136331	-0.0687288	-0.00478306	0.0557147	0.112948	0.167079	0.218249	0.266582	0.312187	0.355158	0.39558	0.433525	0.469059	0.502238	0.533113	0.56173	0.588132	0.612357	0.634443	0.654425	0.672338	0.688219	0.702104	0.714031	0.724039	0.732172	0.738477	0.743002	0.745802	0.746937	0.746469	0.744471	0.741017	0.736191	0.730083	0.722791	0.714423	0.705093	0.694926	0.684059	0.672638	0.660821	0.64878	0.636699	0.624778	0.613233	0.602297	0.592222	0.583278	0.575759	0.569984	0.566295	0.565064	0.566694	0.57162	0.580317	0.593298	0.611121	0.634393	
-0.55557	-0.465682	-0.380734	-0.300361	-0.22424	-0.152086	-0.0836494	-0.0187081	0.0429309	0.101437	0.156958	0.209621	0.259539	0.306808	0.35151	0.393719	0.433495	0.470893	0.505959	0.538734	0.569252	0.597547	0.623647	0.64758	0.66937	0.689045	0.706628	0.722148	0.735632	0.747109	0.756614	0.764181	0.769851	0.773665	0.775673	0.775927	0.774484	0.77141	0.766773	0.760651	0.753127	0.744292	0.734246	0.723097	0.71096	0.697964	0.684243	0.669947	0.655235	0.640278	0.625262	0.610387	0.595869	0.581939	0.568848	0.556866	0.546283	0.537414	0.530598	0.5262	0.524618	0.52628	0.53165	0.541231	0.55557	
-0.471397	-0.387774	-0.30836	-0.232864	-0.161028	-0.0926293	-0.0274717	0.034615	0.0937782	0.150145	0.203824	0.254909	0.303478	0.349599	0.393328	0.434712	0.473789	0.510593	0.545151	0.577485	0.607615	0.635559	0.66133	0.684944	0.706414	0.725755	0.742982	0.758112	0.771164	0.782161	0.791126	0.798088	0.803078	0.806135	0.807297	0.806612	0.804131	0.79991	0.794014	0.786512	0.777481	0.767004	0.755172	0.742086	0.727853	0.71259	0.696423	0.679488	0.661933	0.643915	0.625604	0.607184	0.588851	0.570817	0.55331	0.536572	0.520868	0.50648	0.493712	0.482891	0.474372	0.468534	0.46579	0.466584	0.471397	
-0.382683	-0.305657	-0.232069	-0.161705	-0.0943793	-0.0299311	0.031777	0.0908618	0.147422	0.20154	0.253285	0.302712	0.349866	0.394783	0.437491	0.47801	0.516356	0.552539	0.586566	0.618441	0.648166	0.675742	0.701171	0.724452	0.745587	0.764578	0.781432	0.796153	0.808753	0.819243	0.82764	0.833964	0.83824	0.840497	0.840768	0.839092	0.835515	0.830085	0.82286	0.813902	0.803279	0.791068	0.777352	0.762222	0.745776	0.72812	0.70937	0.689649	0.669093	0.647843	0.626054	0.603892	0.581534	0.559169	0.537	0.515245	0.494137	0.473925	0.454877	0.437281	0.421443	0.407695	0.396392	0.387917	0.382683	
-0.290285	-0.220101	-0.152554	-0.0875087	-0.0248529	0.0355075	0.0936491	0.149633	0.203508	0.255309	0.305064	0.352788	0.398491	0.442177	0.483843	0.523483	0.561086	0.596641	0.630133	0.661546	0.690865	0.718074	0.743158	0.766105	0.786902	0.805541	0.822013	0.836316	0.84845	0.858418	0.866227	0.871889	0.875421	0.876844	0.876185	0.873475	0.86875	0.862055	0.853438	0.842954	0.830665	0.816637	0.800946	0.783673	0.764907	0.744743	0.723285	0.700646	0.676944	0.652309	0.626878	0.600797	0.574223	0.547323	0.520276	0.49327	0.466508	0.440206	0.414592	0.389911	0.366424	0.34441	0.324165	0.30601	0.290285	
-0.19509	-0.131908	-0.0705362	-0.0109231	0.0469689	0.103165	0.157679	0.210514	0.261667	0.311126	0.358873	0.404884	0.449134	0.491591	0.532222	0.570992	0.607866	0.642806	0.675778	0.706745	0.735673	0.76253	0.787284	0.809908	0.830377	0.848668	0.864764	0.878649	0.890313	0.899751	0.90696	0.911944	0.914711	0.915274	0.913652	0.90987	0.903956	0.895947	0.885883	0.873813	0.859788	0.843869	0.826121	0.806617	0.785434	0.762659	0.738383	0.712704	0.68573	0.657571	0.62835	0.598193	0.567237	0.535625	0.503509	0.471051	0.438421	0.405798	0.373373	0.341347	0.309933	0.279354	0.24985	0.221673	0.19509	
-0.0980171	-0.0419043	0.0132401	0.0673836	0.120487	0.172505	0.223386	0.273078	0.321521	0.368655	0.414417	0.458743	0.501569	0.54283	0.58246	0.620397	0.656578	0.690941	0.723428	0.753984	0.782554	0.809088	0.83354	0.855867	0.876029	0.893991	0.909724	0.923202	0.934403	0.943312	0.949918	0.954215	0.956204	0.955888	0.95328	0.948396	0.941258	0.931893	0.920335	0.906624	0.890805	0.872929	0.853052	0.831238	0.807554	0.782076	0.754882	0.726059	0.695698	0.663896	0.630757	0.596389	0.560907	0.52443	0.487085	0.449004	0.410325	0.371192	0.331756	0.292172	0.252605	0.213225	0.174208	0.135742	0.0980171	
-2.44929e-16	0.0490677	0.0980171	0.14673	0.19509	0.24298	0.290285	0.33689	0.382683	0.427555	0.471397	0.514103	0.55557	0.595699	0.634393	0.671559	0.707107	0.740951	0.77301	0.803208	0.83147	0.857729	0.881921	0.903989	0.92388	0.941544	0.95694	0.970031	0.980785	0.989177	0.995185	0.998795	1	0.998795	0.995185	0.989177	0.980785	0.970031	0.95694	0.941544	0.92388	0.903989	0.881921	0.857729	0.83147	0.803208	0.77301	0.740951	0.707107	0.671559	0.634393	0.595699	0.55557	0.514103	0.471397	0.427555	0.382683	0.33689	0.290285	0.24298	0.19509	0.14673	0.0980171	0.0490677	2.44929e-16	
