0.000319338	0.000437422	0.00055323	0.000666181	0.000775726	0.00088135	0.000982581	0.00107899	0.00117019	0.00125585	0.00133568	0.00140943	0.0014769	0.00153794	0.00159243	0.00164028	0.00168145	0.00171589	0.00174362	0.00176465	0.00177901	0.00178676	0.00178794	0.00178263	0.00177091	0.00175285	0.00172856	0.00169812	0.00166167	0.00161931	0.00157118	0.00151743	0.00145823	0.00139377	0.00132425	0.0012499	0.00117097	0.00108773	0.00100048	
0.000642784	0.000880469	0.00111357	0.00134093	0.00156143	0.00177404	0.0019778	0.00217185	0.00235543	0.00252785	0.00268853	0.00283698	0.0029728	0.00309566	0.00320534	0.00330166	0.00338452	0.00345386	0.00350967	0.003552	0.00358091	0.0035965	0.00359888	0.00358819	0.00356459	0.00352825	0.00347934	0.00341809	0.0033447	0.00325944	0.00316256	0.00305438	0.00293522	0.00280547	0.00266554	0.00251588	0.00235701	0.00218946	0.00201383	
0.000974328	0.00133461	0.00168795	0.00203258	0.00236681	0.00268907	0.00299794	0.00329209	0.00357035	0.0038317	0.00407526	0.00430028	0.00450615	0.00469239	0.00485865	0.00500465	0.00513024	0.00523534	0.00531994	0.00538411	0.00542793	0.00545155	0.00545516	0.00543896	0.00540319	0.0053481	0.00527397	0.00518112	0.00506989	0.00494064	0.00479379	0.00462981	0.0044492	0.00425252	0.00404041	0.00381356	0.00357274	0.00331877	0.00305255	
0.00131773	0.001805	0.00228288	0.00274896	0.003201	0.00363685	0.00405457	0.0044524	0.00482874	0.00518221	0.00551161	0.00581593	0.00609437	0.00634625	0.0065711	0.00676856	0.00693842	0.00708056	0.00719499	0.00728176	0.00734103	0.00737298	0.00737787	0.00735596	0.00730757	0.00723307	0.00713282	0.00700724	0.0068568	0.006682	0.00648339	0.00626161	0.00601734	0.00575134	0.00546448	0.00515768	0.00483197	0.00448849	0.00412844	
0.00167642	0.00229632	0.00290427	0.00349723	0.0040723	0.0046268	0.00515822	0.00566434	0.00614312	0.0065928	0.00701186	0.00739903	0.00775325	0.0080737	0.00835975	0.00861096	0.00882705	0.00900789	0.00915346	0.00926386	0.00933926	0.00937991	0.00938612	0.00935825	0.0092967	0.00920191	0.00907437	0.00891461	0.00872322	0.00850084	0.00824817	0.00796602	0.00765526	0.00731686	0.00695191	0.00656159	0.00614723	0.00571025	0.00525219	
0.00205334	0.00281262	0.00355726	0.00428354	0.00498791	0.00566708	0.00631799	0.0069379	0.00752433	0.00807512	0.0085884	0.00906262	0.00949649	0.00988899	0.0102394	0.010547	0.0108117	0.0110332	0.0112115	0.0113467	0.0114391	0.0114889	0.0114965	0.0114624	0.011387	0.0112709	0.0111147	0.010919	0.0106845	0.0104122	0.0101027	0.0097571	0.00937646	0.00896198	0.00851497	0.0080369	0.00752937	0.00699414	0.0064331	
0.00245089	0.00335717	0.00424598	0.00511287	0.00595362	0.00676428	0.00754122	0.00828114	0.00898111	0.00963854	0.0102512	0.0108172	0.0113351	0.0118036	0.0122218	0.0125891	0.012905	0.0131694	0.0133822	0.0135436	0.0136538	0.0137133	0.0137223	0.0136816	0.0135916	0.013453	0.0132666	0.013033	0.0127532	0.0124281	0.0120587	0.0116462	0.0111919	0.0106971	0.0101636	0.00959293	0.00898714	0.00834828	0.00767861	
0.00287076	0.00393229	0.00497338	0.00598878	0.00697356	0.00792309	0.00883313	0.00969982	0.0105197	0.0112898	0.0120074	0.0126704	0.013277	0.0138257	0.0143156	0.0147458	0.0151158	0.0154255	0.0156748	0.0158638	0.0159929	0.0160626	0.0160732	0.0160255	0.0159201	0.0157577	0.0155393	0.0152658	0.014938	0.0145572	0.0141245	0.0136414	0.0131092	0.0125297	0.0119047	0.0112363	0.0105268	0.00977847	0.00899407	
0.00331386	0.00453925	0.00574102	0.00691315	0.00804993	0.00914603	0.0101965	0.011197	0.0121434	0.0130323	0.0138607	0.0146261	0.0153263	0.0159598	0.0165252	0.0170218	0.017449	0.0178065	0.0180942	0.0183125	0.0184615	0.0185419	0.0185541	0.018499	0.0183774	0.01819	0.0179379	0.0176221	0.0172437	0.0168041	0.0163047	0.0157469	0.0151326	0.0144637	0.0137423	0.0129707	0.0121516	0.0112878	0.0103823	
0.00378022	0.00517805	0.00654895	0.00788603	0.00918279	0.0104331	0.0116315	0.0127727	0.0138524	0.0148664	0.0158114	0.0166844	0.0174832	0.0182058	0.0188508	0.0194173	0.0199046	0.0203124	0.0206406	0.0208896	0.0210596	0.0211513	0.0211653	0.0211024	0.0209636	0.0207499	0.0204623	0.0201021	0.0196705	0.019169	0.0185993	0.017963	0.0172622	0.0164992	0.0156762	0.0147961	0.0138617	0.0128763	0.0118434	
0.00426886	0.00584738	0.00739548	0.0089054	0.0103698	0.0117818	0.013135	0.0144238	0.015643	0.0167881	0.0178552	0.0188411	0.0197431	0.0205591	0.0212876	0.0219273	0.0224776	0.0229381	0.0233088	0.0235899	0.0237819	0.0238854	0.0239012	0.0238303	0.0236735	0.0234321	0.0231074	0.0227006	0.0222132	0.0216469	0.0210035	0.020285	0.0194937	0.0186319	0.0177026	0.0167087	0.0156535	0.0145408	0.0133744	
0.00477777	0.00654447	0.00827714	0.00996706	0.011606	0.0131863	0.0147009	0.0161433	0.0175079	0.0187895	0.0199838	0.0210873	0.0220968	0.0230101	0.0238254	0.0245414	0.0251573	0.0256727	0.0260876	0.0264022	0.0266171	0.026733	0.0267507	0.0266712	0.0264958	0.0262257	0.0258622	0.0254069	0.0248614	0.0242276	0.0235075	0.0227033	0.0218176	0.0208532	0.0198131	0.0187007	0.0175197	0.0162743	0.0149688	
0.00530381	0.00726504	0.00918847	0.0110645	0.0128839	0.0146382	0.0163195	0.0179208	0.0194355	0.0208583	0.0221841	0.0234091	0.0245298	0.0255436	0.0264487	0.0272435	0.0279272	0.0284993	0.0289599	0.0293092	0.0295478	0.0296764	0.0296961	0.0296079	0.0294132	0.0291133	0.0287097	0.0282043	0.0275987	0.0268952	0.0260958	0.0252031	0.0242199	0.0231492	0.0219946	0.0207597	0.0194487	0.0180662	0.016617	
0.0058427	0.00800319	0.0101221	0.0121887	0.0141929	0.0161255	0.0179777	0.0197416	0.0214103	0.0229776	0.0244382	0.0257876	0.0270221	0.028139	0.029136	0.0300116	0.0307648	0.0313951	0.0319025	0.0322872	0.03255	0.0326917	0.0327134	0.0326163	0.0324017	0.0320714	0.0316268	0.03107	0.030403	0.0296279	0.0287473	0.0277639	0.0266808	0.0255013	0.0242294	0.022869	0.0214248	0.0199018	0.0183054	
0.00638899	0.00875149	0.0110685	0.0133283	0.01552	0.0176332	0.0196586	0.0215874	0.0234122	0.025126	0.0267231	0.0281987	0.0295487	0.0307701	0.0318603	0.0328177	0.0336413	0.0343306	0.0348854	0.0353062	0.0355935	0.0357485	0.0357722	0.035666	0.0354314	0.0350701	0.034584	0.0339752	0.0332457	0.0323982	0.0314352	0.0303599	0.0291755	0.0278858	0.0264949	0.0250073	0.0234281	0.0217627	0.020017	
0.0069361	0.0095009	0.0120163	0.0144696	0.016849	0.0191432	0.021342	0.023436	0.025417	0.0272776	0.0290115	0.0306135	0.0320791	0.033405	0.0345886	0.0356281	0.0365222	0.0372705	0.0378728	0.0383296	0.0386416	0.0388098	0.0388355	0.0387202	0.0384655	0.0380733	0.0375456	0.0368846	0.0360927	0.0351726	0.0341272	0.0329597	0.0316739	0.0302738	0.0287637	0.0271488	0.0254344	0.0236263	0.0217311	
0.00747635	0.0102409	0.0129522	0.0155967	0.0181614	0.0206343	0.0230043	0.0252615	0.0273968	0.0294023	0.0312713	0.032998	0.0345778	0.036007	0.0372828	0.0384032	0.039367	0.0401735	0.0408228	0.0413152	0.0416515	0.0418328	0.0418605	0.0417362	0.0414617	0.041039	0.0404702	0.0397577	0.0389041	0.0379123	0.0367854	0.035527	0.0341411	0.0326319	0.0310042	0.0292635	0.0274155	0.0254666	0.0234238	
0.00800109	0.0109597	0.0138613	0.0166914	0.0194361	0.0220825	0.024619	0.0270345	0.0293197	0.031466	0.0334662	0.0353141	0.0370048	0.0385343	0.0398996	0.0410987	0.0421301	0.0429933	0.0436881	0.0442151	0.044575	0.0447691	0.0447987	0.0446657	0.0443719	0.0439195	0.0433108	0.0425483	0.0416347	0.0405733	0.0393674	0.0380207	0.0365374	0.0349223	0.0331804	0.0313175	0.0293398	0.0272541	0.0250679	
0.00850081	0.0116442	0.014727	0.0177338	0.02065	0.0234617	0.0261566	0.028723	0.0311509	0.0334313	0.0355564	0.0375197	0.039316	0.0409411	0.0423917	0.0436657	0.0447615	0.0456786	0.0464168	0.0469767	0.0473591	0.0475653	0.0475968	0.0474555	0.0471434	0.0466627	0.0460159	0.0452058	0.0442352	0.0431075	0.0418262	0.0403954	0.0388195	0.0371035	0.0352528	0.0332735	0.0311723	0.0289564	0.0266336	
0.00896531	0.0122805	0.0155318	0.0187029	0.0217783	0.0247437	0.0275858	0.0302925	0.0328531	0.0352581	0.0374993	0.0395699	0.0414644	0.0431782	0.0447081	0.0460517	0.0472074	0.0481747	0.0489532	0.0495437	0.049947	0.0501645	0.0501977	0.0500487	0.0497195	0.0492125	0.0485304	0.047676	0.0466524	0.0454631	0.0441118	0.0426028	0.0409408	0.039131	0.0371791	0.0350917	0.0328757	0.0305387	0.028089	
0.00938391	0.0128539	0.0162569	0.0195761	0.0227952	0.0258991	0.0288739	0.0317069	0.0343871	0.0369043	0.0392502	0.0414175	0.0434004	0.0451943	0.0467957	0.048202	0.0494117	0.0504241	0.051239	0.0518571	0.0522792	0.0525068	0.0525416	0.0523856	0.052041	0.0515104	0.0507965	0.0499022	0.0488308	0.0475859	0.0461715	0.044592	0.0428524	0.0409581	0.0389151	0.0367302	0.0344107	0.0319646	0.0294005	
0.00974569	0.0133494	0.0168837	0.0203308	0.023674	0.0268976	0.0299871	0.0329294	0.0357128	0.0383271	0.0407635	0.0430144	0.0450738	0.0469368	0.0485999	0.0500604	0.0513168	0.0523682	0.0532146	0.0538565	0.0542949	0.0545312	0.0545674	0.0544054	0.0540475	0.0534965	0.052755	0.0518262	0.0507135	0.0494206	0.0479517	0.0463113	0.0445046	0.0425373	0.0404156	0.0381464	0.0357375	0.033197	0.0305341	
0.0100398	0.0137523	0.0173932	0.0209444	0.0243884	0.0277093	0.030892	0.0339231	0.0367906	0.0394838	0.0419936	0.0443125	0.046434	0.0483533	0.0500666	0.0515712	0.0528655	0.0539486	0.0548205	0.0554818	0.0559334	0.056177	0.0562142	0.0560473	0.0556787	0.055111	0.0543471	0.0533903	0.052244	0.0509121	0.0493988	0.047709	0.0458477	0.043821	0.0416352	0.0392976	0.036816	0.0341989	0.0314555	
0.0102556	0.0140479	0.0177672	0.0213947	0.0249128	0.028305	0.0315562	0.0346525	0.0375816	0.0403327	0.0428966	0.0452653	0.0474324	0.049393	0.0511431	0.0526801	0.0540022	0.0551087	0.0559994	0.0566748	0.0571362	0.057385	0.057423	0.0572525	0.0568759	0.056296	0.0555158	0.0545384	0.0533674	0.0520069	0.0504611	0.0487349	0.0468336	0.0447633	0.0425305	0.0401426	0.0376076	0.0349342	0.0321319	
0.0103834	0.0142229	0.0179885	0.0216612	0.0252231	0.0286576	0.0319493	0.0350842	0.0380498	0.0408352	0.0434309	0.0458292	0.0480233	0.0500083	0.0517803	0.0533364	0.054675	0.0557952	0.056697	0.0573809	0.057848	0.0580999	0.0581384	0.0579658	0.0575845	0.0569974	0.0562074	0.0552178	0.0540323	0.0526548	0.0510897	0.049342	0.0474171	0.045321	0.0430604	0.0406428	0.0380762	0.0353695	0.0325322	
0.0104141	0.014265	0.0180417	0.0217252	0.0252977	0.0287424	0.0320438	0.0351879	0.0381623	0.040956	0.0435594	0.0459647	0.0481654	0.0501563	0.0519334	0.0534942	0.0548368	0.0559603	0.0568648	0.0575507	0.0580192	0.0582718	0.0583104	0.0581373	0.0577549	0.0571661	0.0563737	0.0553812	0.0541922	0.0528106	0.0512409	0.049488	0.0475574	0.0454551	0.0431878	0.040763	0.0381888	0.0354741	0.0326285	
0.0103401	0.0141636	0.0179135	0.0215709	0.025118	0.0285382	0.0318161	0.0349379	0.0378912	0.040665	0.04325	0.0456382	0.0478232	0.0498	0.0515645	0.0531142	0.0544472	0.0555628	0.0564609	0.0571419	0.0576071	0.0578579	0.0578963	0.0577244	0.0573447	0.05676	0.0559733	0.0549879	0.0538073	0.0524355	0.050877	0.0491365	0.0472196	0.0451322	0.042881	0.0404735	0.0379176	0.0352221	0.0323967	
0.0101554	0.0139106	0.0175934	0.0211855	0.0246692	0.0280283	0.0312477	0.0343137	0.0372142	0.0399385	0.0424772	0.0448228	0.0469688	0.0489102	0.0506433	0.0521653	0.0534745	0.0545701	0.0554521	0.056121	0.0565779	0.0568242	0.0568619	0.0566931	0.0563202	0.055746	0.0549733	0.0540055	0.052846	0.0514987	0.049968	0.0482587	0.046376	0.0443259	0.0421149	0.0397504	0.0372401	0.0345929	0.0318179	
0.00985562	0.0135	0.0170742	0.0205602	0.0239411	0.027201	0.0303254	0.0333009	0.0361158	0.0387597	0.0412235	0.0434999	0.0455826	0.0474667	0.0491486	0.0506256	0.0518962	0.0529596	0.0538155	0.0544647	0.0549081	0.0551471	0.0551837	0.0550199	0.054658	0.0541007	0.0533509	0.0524116	0.0512863	0.0499788	0.0484933	0.0468343	0.0450072	0.0430176	0.040872	0.0385772	0.036141	0.0335719	0.0308789	
0.00943873	0.012929	0.0163519	0.0196905	0.0229284	0.0260505	0.0290427	0.0318924	0.0345882	0.0371202	0.0394798	0.0416599	0.0436545	0.0454589	0.0470697	0.0484843	0.0497011	0.0507195	0.0515392	0.052161	0.0525856	0.0528145	0.0528496	0.0526927	0.0523461	0.0518124	0.0510942	0.0501947	0.049117	0.0478648	0.0464421	0.0448534	0.0431035	0.0411981	0.0391432	0.0369455	0.0346123	0.0321519	0.0295727	
0.00890481	0.0121976	0.015427	0.0185767	0.0216314	0.0245768	0.0273998	0.0300883	0.0326316	0.0350204	0.0372466	0.0393033	0.0411851	0.0428875	0.0444071	0.0457417	0.0468897	0.0478505	0.0486239	0.0492104	0.049611	0.049827	0.0498601	0.049712	0.0493851	0.0488815	0.048204	0.0473554	0.0463386	0.0451573	0.043815	0.0423162	0.0406653	0.0388677	0.036929	0.0348556	0.0326544	0.0303332	0.0278999	
0.00825631	0.0113093	0.0143035	0.0172238	0.0200561	0.022787	0.0254044	0.0278971	0.0302552	0.0324701	0.0345341	0.0364411	0.0381858	0.0397642	0.0411732	0.0424106	0.043475	0.0443658	0.0450829	0.0456267	0.0459981	0.0461984	0.046229	0.0460918	0.0457886	0.0453218	0.0446936	0.0439067	0.0429641	0.0418687	0.0406242	0.0392345	0.0377039	0.0360372	0.0342396	0.0323172	0.0302764	0.0281242	0.0258681	
0.00749814	0.0102708	0.01299	0.0156422	0.0182144	0.0206945	0.0230716	0.0253354	0.0274769	0.0294884	0.0313629	0.0330948	0.0346793	0.0361127	0.0373923	0.0385161	0.0394828	0.0402918	0.040943	0.0414369	0.0417742	0.0419561	0.0419839	0.0418593	0.041584	0.04116	0.0405895	0.0398749	0.0390188	0.038024	0.0368938	0.0356317	0.0342416	0.032728	0.0310955	0.0293496	0.0274962	0.0255416	0.0234927	
0.00663762	0.00909206	0.0114992	0.013847	0.016124	0.0183195	0.0204238	0.0224278	0.0243236	0.0261042	0.0277636	0.0292967	0.0306993	0.0319683	0.033101	0.0340958	0.0349516	0.0356677	0.0362442	0.0366814	0.0369801	0.0371411	0.0371657	0.0370554	0.0368117	0.0364363	0.0359313	0.0352987	0.0345408	0.0336602	0.0326597	0.0315425	0.0303119	0.028972	0.0275269	0.0259813	0.0243406	0.0226103	0.0207966	
0.00568437	0.00778632	0.00984777	0.0118584	0.0138084	0.0156886	0.0174906	0.0192068	0.0208304	0.0223553	0.0237763	0.0250893	0.0262905	0.0273772	0.0283473	0.0291992	0.0299321	0.0305454	0.0310391	0.0314135	0.0316692	0.0318071	0.0318282	0.0317337	0.031525	0.0312036	0.0307711	0.0302294	0.0295803	0.0288262	0.0279694	0.0270126	0.0259588	0.0248112	0.0235736	0.0222501	0.020845	0.0193632	0.0178099	
0.00465017	0.00636969	0.00805609	0.0097009	0.0112961	0.0128343	0.0143084	0.0157124	0.0170406	0.018288	0.0194505	0.0205246	0.0215073	0.0223963	0.0231899	0.0238868	0.0244863	0.024988	0.0253919	0.0256982	0.0259074	0.0260202	0.0260375	0.0259602	0.0257895	0.0255265	0.0251727	0.0247295	0.0241986	0.0235816	0.0228807	0.022098	0.0212359	0.0202971	0.0192847	0.018202	0.0170525	0.0158403	0.0145697	
0.00354872	0.00486095	0.00614791	0.00740313	0.0086205	0.00979431	0.0109193	0.0119907	0.0130043	0.0139563	0.0148435	0.0156631	0.016413	0.0170915	0.0176971	0.0182289	0.0186865	0.0190693	0.0193776	0.0196113	0.019771	0.0198571	0.0198702	0.0198112	0.0196809	0.0194803	0.0192103	0.018872	0.0184669	0.0179961	0.0174612	0.0168638	0.0162059	0.0154895	0.0147169	0.0138906	0.0130134	0.0120884	0.0111187	
0.00239534	0.00328108	0.00414976	0.00499702	0.00581873	0.00661104	0.0073704	0.00809359	0.00877774	0.00942032	0.0100191	0.0105724	0.0110786	0.0115365	0.0119453	0.0123043	0.0126131	0.0128716	0.0130796	0.0132374	0.0133452	0.0134033	0.0134122	0.0133723	0.0132844	0.0131489	0.0129667	0.0127384	0.0124649	0.0121471	0.0117861	0.0113829	0.0109388	0.0104552	0.00993374	0.00937601	0.00878391	0.00815949	0.00750496	
0.00120662	0.0016528	0.00209038	0.00251718	0.0029311	0.00333021	0.00371273	0.00407703	0.00442166	0.00474535	0.005047	0.0053257	0.00558068	0.00581136	0.00601728	0.00619812	0.00635368	0.00648387	0.00658866	0.00666814	0.00672243	0.0067517	0.00675618	0.00673612	0.00669182	0.00662359	0.00653178	0.00641679	0.00627902	0.00611894	0.00593706	0.00573396	0.00551026	0.00526668	0.00500398	0.00472303	0.00442477	0.00411022	0.00378051	

0.000224391	0.00030762	0.000389589	0.000469966	0.000548425	0.000624648	0.000698329	0.000769174	0.000836902	0.000901248	0.000961959	0.0010188	0.00107156	0.00112004	0.00116406	0.00120345	0.00123808	0.00126783	0.00129259	0.00131229	0.00132687	0.00133628	0.00134052	0.00133957	0.00133347	0.00132224	0.00130596	0.00128469	0.00125853	0.0012276	0.00119202	0.00115194	0.00110752	0.00105893	0.00100637	0.000950041	0.000890152	0.000826935	0.000760628	
0.00044784	0.000613946	0.000777541	0.000937958	0.00109454	0.00124667	0.00139372	0.00153512	0.00167029	0.00179871	0.00191988	0.00203333	0.00213862	0.00223538	0.00232322	0.00240184	0.00247096	0.00253032	0.00257975	0.00261906	0.00264816	0.00266695	0.0026754	0.00267351	0.00266133	0.00263893	0.00260643	0.00256398	0.00251178	0.00245004	0.00237904	0.00229904	0.00221039	0.00211342	0.00200852	0.00189609	0.00177656	0.00165039	0.00151806	
0.000669397	0.000917681	0.00116221	0.00140199	0.00163604	0.00186343	0.00208323	0.00229458	0.00249662	0.00268857	0.00286969	0.00303926	0.00319666	0.00334127	0.00347258	0.00359009	0.0036934	0.00378214	0.00385601	0.00391478	0.00395827	0.00398635	0.00399899	0.00399617	0.00397796	0.00394447	0.00389589	0.00383245	0.00375442	0.00366214	0.003556	0.00343644	0.00330392	0.00315898	0.00300218	0.00283413	0.00265547	0.00246689	0.00226908	
0.000888107	0.00121751	0.00154193	0.00186005	0.00217058	0.00247226	0.00276388	0.00304427	0.00331233	0.003567	0.00380729	0.00403227	0.00424109	0.00443295	0.00460716	0.00476307	0.00490013	0.00501786	0.00511587	0.00519384	0.00525153	0.0052888	0.00530556	0.00530182	0.00527766	0.00523324	0.00516878	0.00508461	0.00498109	0.00485866	0.00471784	0.00455921	0.0043834	0.0041911	0.00398307	0.00376012	0.00352309	0.00327288	0.00301045	
0.001103	0.00151211	0.00191503	0.00231012	0.00269579	0.00307046	0.00343264	0.00378088	0.0041138	0.00443009	0.00472852	0.00500794	0.00526728	0.00550557	0.00572193	0.00591556	0.00608579	0.00623201	0.00635373	0.00645057	0.00652222	0.0065685	0.00658932	0.00658467	0.00655467	0.00649949	0.00641945	0.00631491	0.00618633	0.00603429	0.0058594	0.00566238	0.00544403	0.0052052	0.00494684	0.00466993	0.00437555	0.00406481	0.00373887	
0.00131308	0.00180011	0.00227978	0.00275012	0.00320924	0.00365528	0.00408644	0.00450101	0.00489734	0.00527387	0.00562914	0.00596178	0.00627052	0.0065542	0.00681176	0.00704228	0.00724493	0.007419	0.00756391	0.00767918	0.00776449	0.00781958	0.00784436	0.00783883	0.00780311	0.00773743	0.00764214	0.00751769	0.00736462	0.00718362	0.00697542	0.00674087	0.00648093	0.00619662	0.00588905	0.0055594	0.00520895	0.00483902	0.004451	
0.00151735	0.00208015	0.00263444	0.00317795	0.00370849	0.00422392	0.00472216	0.00520122	0.0056592	0.00609431	0.00650485	0.00688924	0.007246	0.00757381	0.00787145	0.00813783	0.008372	0.00857315	0.0087406	0.00887381	0.00897238	0.00903605	0.00906469	0.0090583	0.00901702	0.00894112	0.008831	0.00868719	0.00851032	0.00830115	0.00806056	0.00778953	0.00748915	0.00716061	0.00680519	0.00642426	0.00601929	0.00559181	0.00514343	
0.00171479	0.00235081	0.00297722	0.00359146	0.00419103	0.00477352	0.00533659	0.00587799	0.00639556	0.00688729	0.00735124	0.00778564	0.00818883	0.0085593	0.00889566	0.0091967	0.00946134	0.00968866	0.0098779	0.0100284	0.0101398	0.0102118	0.0102442	0.0102369	0.0101903	0.0101045	0.00998007	0.00981754	0.00961765	0.00938127	0.00910938	0.00880308	0.00846362	0.00809233	0.00769066	0.00726017	0.0068025	0.0063194	0.00581268	
0.00190434	0.00261067	0.00330632	0.00398845	0.0046543	0.00530118	0.00592649	0.00652773	0.00710252	0.0076486	0.00816384	0.00864626	0.00909402	0.00950543	0.00987897	0.0102133	0.0105072	0.0107596	0.0109698	0.011137	0.0112607	0.0113406	0.0113765	0.0113685	0.0113167	0.0112215	0.0110833	0.0109028	0.0106808	0.0104183	0.0101163	0.00977616	0.00939918	0.00898684	0.00854078	0.0080627	0.00755444	0.00701793	0.00645521	
0.00208494	0.00285826	0.00361989	0.00436671	0.00509571	0.00580394	0.00648855	0.00714681	0.00777611	0.00837398	0.00893809	0.00946626	0.00995648	0.0104069	0.0108159	0.0111819	0.0115037	0.0117801	0.0120102	0.0121932	0.0123286	0.0124161	0.0124555	0.0124467	0.01239	0.0122857	0.0121344	0.0119368	0.0116937	0.0114063	0.0110757	0.0107033	0.0102906	0.00983915	0.00935077	0.00882736	0.00827089	0.00768351	0.00706741	
0.00225553	0.00309212	0.00391606	0.00472399	0.00551263	0.00627881	0.00701943	0.00773155	0.00841234	0.00905912	0.00966938	0.0102408	0.0107711	0.0112584	0.0117008	0.0120968	0.0124449	0.0127439	0.0129928	0.0131908	0.0133373	0.013432	0.0134746	0.0134651	0.0134037	0.0132909	0.0131272	0.0129134	0.0126505	0.0123396	0.0119819	0.011579	0.0111325	0.0106442	0.0101158	0.00954959	0.0089476	0.00831216	0.00764565	
0.00241501	0.00331075	0.00419295	0.00505801	0.00590242	0.00672277	0.00751576	0.00827823	0.00900715	0.00969967	0.0103531	0.0109649	0.0115327	0.0120544	0.0125282	0.0129521	0.0133248	0.013645	0.0139115	0.0141235	0.0142804	0.0143817	0.0144273	0.0144171	0.0143514	0.0142306	0.0140554	0.0138265	0.013545	0.0132121	0.0128291	0.0123978	0.0119197	0.0113968	0.0108311	0.0102248	0.00958027	0.00889989	0.00818626	
0.00256231	0.00351269	0.00444869	0.00536651	0.00626242	0.0071328	0.00797416	0.00878314	0.00955652	0.0102913	0.0109845	0.0116336	0.0122361	0.0127897	0.0132923	0.0137421	0.0141375	0.0144772	0.01476	0.0149849	0.0151514	0.0152589	0.0153073	0.0152965	0.0152268	0.0150986	0.0149127	0.0146698	0.0143711	0.0140179	0.0136116	0.0131539	0.0126467	0.0120919	0.0114917	0.0108485	0.0101646	0.00944272	0.00868556	
0.00269635	0.00369644	0.00468141	0.00564724	0.00659002	0.00750593	0.00839131	0.0092426	0.0100564	0.0108296	0.0115592	0.0122422	0.0128762	0.0134587	0.0139876	0.014461	0.0148771	0.0152345	0.0155321	0.0157688	0.015944	0.0160571	0.016108	0.0160967	0.0160233	0.0158884	0.0156928	0.0154372	0.0151229	0.0147512	0.0143237	0.0138421	0.0133083	0.0127245	0.0120929	0.011416	0.0106963	0.00993668	0.00913992	
0.00281607	0.00386057	0.00488928	0.00589799	0.00688263	0.00783922	0.0087639	0.009653	0.010503	0.0113105	0.0120724	0.0127858	0.0134479	0.0140563	0.0146087	0.0151031	0.0155377	0.015911	0.0162218	0.016469	0.016652	0.0167701	0.0168233	0.0168114	0.0167348	0.0165939	0.0163896	0.0161227	0.0157944	0.0154062	0.0149597	0.0144567	0.0138992	0.0132895	0.0126298	0.0119229	0.0111713	0.0103779	0.00954576	
0.00292046	0.00400368	0.00507052	0.00611663	0.00713777	0.00812981	0.00908877	0.0100108	0.0108923	0.0117298	0.0125199	0.0132598	0.0139464	0.0145774	0.0151502	0.0156629	0.0161136	0.0165008	0.0168231	0.0170795	0.0172692	0.0173918	0.0174469	0.0174346	0.0173551	0.0172091	0.0169971	0.0167203	0.0163799	0.0159773	0.0155142	0.0149926	0.0144144	0.0137821	0.013098	0.0123648	0.0115854	0.0107626	0.00989961	
0.00300853	0.00412442	0.00522343	0.00630109	0.00735302	0.00837498	0.00936286	0.0103127	0.0112208	0.0120835	0.0128975	0.0136596	0.014367	0.015017	0.0156071	0.0161353	0.0165996	0.0169984	0.0173304	0.0175946	0.01779	0.0179163	0.017973	0.0179604	0.0178785	0.017728	0.0175097	0.0172245	0.0168739	0.0164591	0.0159821	0.0154447	0.0148491	0.0141977	0.013493	0.0127377	0.0119348	0.0110872	0.0101982	
0.00307937	0.00422153	0.00534642	0.00644945	0.00752615	0.00857217	0.00958332	0.0105555	0.011485	0.012368	0.0132012	0.0139813	0.0147053	0.0153706	0.0159746	0.0165152	0.0169904	0.0173987	0.0177385	0.0180088	0.0182089	0.0183381	0.0183962	0.0183832	0.0182995	0.0181454	0.017922	0.0176301	0.0172712	0.0168467	0.0163584	0.0158084	0.0151988	0.014532	0.0138107	0.0130376	0.0122158	0.0113482	0.0104383	
0.00313213	0.00429385	0.00543801	0.00655994	0.00765508	0.00871903	0.00974749	0.0107364	0.0116817	0.0125799	0.0134273	0.0142208	0.0149572	0.0156339	0.0162483	0.0167981	0.0172815	0.0176967	0.0180424	0.0183174	0.0185208	0.0186523	0.0187114	0.0186982	0.018613	0.0184563	0.018229	0.0179321	0.017567	0.0171353	0.0166386	0.0160792	0.0154591	0.014781	0.0140473	0.013261	0.012425	0.0115426	0.0106171	
0.00316604	0.00434034	0.00549689	0.00663096	0.00773797	0.00881343	0.00985303	0.0108526	0.0118082	0.0127161	0.0135727	0.0143748	0.0151192	0.0158032	0.0164242	0.01698	0.0174686	0.0178883	0.0182377	0.0185157	0.0187214	0.0188542	0.018914	0.0189006	0.0188145	0.0186561	0.0184264	0.0181263	0.0177572	0.0173208	0.0168188	0.0162533	0.0156265	0.014941	0.0141994	0.0134046	0.0125596	0.0116676	0.0107321	
0.00318046	0.00436011	0.00552192	0.00666116	0.0077732	0.00885356	0.0098979	0.010902	0.011862	0.012774	0.0136345	0.0144402	0.015188	0.0158751	0.016499	0.0170573	0.0175482	0.0179698	0.0183208	0.0186	0.0188066	0.0189401	0.0190001	0.0189867	0.0189002	0.0187411	0.0185103	0.0182088	0.0178381	0.0173997	0.0168954	0.0163273	0.0156977	0.015009	0.0142641	0.0134656	0.0126168	0.0117207	0.0107809	
0.00317484	0.00435241	0.00551217	0.0066494	0.00775948	0.00883793	0.00988042	0.0108828	0.0118411	0.0127515	0.0136105	0.0144147	0.0151612	0.0158471	0.0164699	0.0170272	0.0175172	0.0179381	0.0182884	0.0185672	0.0187734	0.0189066	0.0189666	0.0189532	0.0188668	0.018708	0.0184776	0.0181767	0.0178066	0.017369	0.0168656	0.0162985	0.01567	0.0149826	0.0142389	0.0134418	0.0125945	0.0117001	0.0107619	
0.00314879	0.0043167	0.00546694	0.00659484	0.00769582	0.00876542	0.00979936	0.0107935	0.0117439	0.0126468	0.0134988	0.0142965	0.0150368	0.0157171	0.0163347	0.0168875	0.0173735	0.0177909	0.0181384	0.0184148	0.0186194	0.0187515	0.0188109	0.0187977	0.018712	0.0185545	0.018326	0.0180276	0.0176605	0.0172265	0.0167272	0.0161648	0.0155414	0.0148596	0.0141221	0.0133316	0.0124912	0.0116041	0.0106736	
0.00310205	0.00425263	0.0053858	0.00649696	0.00758159	0.00863532	0.00965391	0.0106333	0.0115696	0.0124591	0.0132984	0.0140843	0.0148136	0.0154838	0.0160923	0.0166369	0.0171156	0.0175268	0.0178692	0.0181415	0.018343	0.0184732	0.0185317	0.0185187	0.0184343	0.0182791	0.018054	0.01776	0.0173984	0.0169708	0.0164789	0.0159248	0.0153107	0.0146391	0.0139124	0.0131337	0.0123058	0.0114318	0.0105152	
0.00303453	0.00416006	0.00526856	0.00635553	0.00741655	0.00844734	0.00944376	0.0104018	0.0113177	0.0121879	0.0130089	0.0137777	0.0144912	0.0151467	0.015742	0.0162747	0.016743	0.0171453	0.0174802	0.0177466	0.0179437	0.0180711	0.0181283	0.0181156	0.018033	0.0178812	0.017661	0.0173734	0.0170197	0.0166014	0.0161202	0.0155782	0.0149775	0.0143204	0.0136096	0.0128478	0.0120379	0.011183	0.0102863	
0.00294629	0.00403909	0.00511536	0.00617072	0.00720089	0.0082017	0.00916915	0.0100994	0.0109886	0.0118335	0.0126307	0.013377	0.0140698	0.0147063	0.0152842	0.0158015	0.0162562	0.0166467	0.0169719	0.0172305	0.017422	0.0175456	0.0176012	0.0175888	0.0175086	0.0173613	0.0171474	0.0168682	0.0165248	0.0161186	0.0156514	0.0151252	0.0145419	0.013904	0.0132139	0.0124742	0.0116878	0.0108578	0.00998717	
0.00283758	0.00389006	0.00492662	0.00594304	0.0069352	0.00789909	0.00883084	0.00972672	0.0105832	0.0113969	0.0121646	0.0128835	0.0135506	0.0141637	0.0147203	0.0152184	0.0156564	0.0160325	0.0163457	0.0165948	0.0167791	0.0168982	0.0169518	0.0169398	0.0168626	0.0167207	0.0165148	0.0162458	0.015915	0.0155239	0.015074	0.0145671	0.0140054	0.013391	0.0127263	0.0120139	0.0112566	0.0104572	0.00961867	
0.00270883	0.00371356	0.00470309	0.00567339	0.00662054	0.00754069	0.00843017	0.0092854	0.010103	0.0108798	0.0116127	0.0122989	0.0129358	0.0135211	0.0140524	0.014528	0.014946	0.0153051	0.015604	0.0158419	0.0160178	0.0161315	0.0161826	0.0161712	0.0160975	0.015962	0.0157655	0.0155087	0.015193	0.0148195	0.01439	0.0139062	0.0133699	0.0127834	0.0121489	0.0114688	0.0107459	0.00998272	0.00918226	
0.00256067	0.00351044	0.00444584	0.00536307	0.00625841	0.00712824	0.00796906	0.00877752	0.00955041	0.0102847	0.0109775	0.0116262	0.0122283	0.0127815	0.0132838	0.0137333	0.0141285	0.014468	0.0147506	0.0149754	0.0151417	0.0152492	0.0152975	0.0152867	0.015217	0.015089	0.0149031	0.0146604	0.0143619	0.014009	0.0136029	0.0131456	0.0126386	0.0120842	0.0114844	0.0108415	0.0101581	0.00943669	0.00868002	
0.00239389	0.00328179	0.00415628	0.00501377	0.00585079	0.00666396	0.00745002	0.00820582	0.00892837	0.00961483	0.0102625	0.010869	0.0114318	0.011949	0.0124186	0.0128388	0.0132083	0.0135256	0.0137898	0.014	0.0141555	0.014256	0.0143011	0.014291	0.0142259	0.0141062	0.0139325	0.0137056	0.0134265	0.0130965	0.012717	0.0122894	0.0118155	0.0112971	0.0107364	0.0101354	0.00949649	0.00882206	0.00811467	
0.00220948	0.00302899	0.0038361	0.00462754	0.00540008	0.00615062	0.00687612	0.0075737	0.00824059	0.00887417	0.00947197	0.0100317	0.0105512	0.0110285	0.0114619	0.0118498	0.0121908	0.0124837	0.0127275	0.0129215	0.0130651	0.0131578	0.0131995	0.0131902	0.0131301	0.0130195	0.0128592	0.0126498	0.0123922	0.0120877	0.0117373	0.0113427	0.0109053	0.0104269	0.00990933	0.00935464	0.00876494	0.00814247	0.00748957	
0.00200861	0.00275362	0.00348736	0.00420684	0.00490915	0.00559145	0.006251	0.00688516	0.00749142	0.00806741	0.00861086	0.0091197	0.00959197	0.0100259	0.0104199	0.0107725	0.0110825	0.0113488	0.0115705	0.0117468	0.0118773	0.0119616	0.0119995	0.011991	0.0119364	0.0118359	0.0116901	0.0114998	0.0112656	0.0109887	0.0106703	0.0103115	0.00991386	0.00947895	0.00900845	0.0085042	0.00796811	0.00740222	0.00680868	
0.00179263	0.00245752	0.00311236	0.00375448	0.00438127	0.0049902	0.00557883	0.0061448	0.00668587	0.00719992	0.00768494	0.00813906	0.00856055	0.00894783	0.00929946	0.00961416	0.00989082	0.0101285	0.0103263	0.0104837	0.0106001	0.0106754	0.0107092	0.0107016	0.0106529	0.0105632	0.0104331	0.0102632	0.0100542	0.00980713	0.00952289	0.0092027	0.00884782	0.00845968	0.00803978	0.00758974	0.0071113	0.00660626	0.00607655	
0.00156302	0.00214276	0.00271373	0.0032736	0.00382011	0.00435105	0.00486429	0.00535777	0.00582954	0.00627774	0.00670064	0.00709659	0.0074641	0.00780178	0.00810837	0.00838277	0.00862399	0.00883119	0.00900369	0.00914091	0.00924245	0.00930804	0.00933753	0.00933095	0.00928843	0.00921025	0.00909682	0.00894868	0.00876648	0.00855102	0.00830319	0.008024	0.00771458	0.00737615	0.00701003	0.00661764	0.00620047	0.00576013	0.00529825	
0.00132145	0.00181159	0.00229431	0.00276766	0.00322971	0.00367859	0.0041125	0.00452971	0.00492857	0.0053075	0.00566504	0.0059998	0.00631051	0.00659599	0.0068552	0.00708719	0.00729113	0.00746631	0.00761215	0.00772816	0.00781401	0.00786946	0.0078944	0.00788883	0.00785288	0.00778679	0.00769089	0.00756564	0.0074116	0.00722944	0.00701991	0.00678387	0.00652228	0.00623615	0.00592661	0.00559487	0.00524218	0.00486988	0.0044794	
0.0010697	0.00146646	0.00185722	0.00224038	0.0026144	0.00297777	0.00332901	0.00366674	0.00398961	0.00429635	0.00458578	0.00485676	0.00510827	0.00533937	0.0055492	0.00573699	0.00590207	0.00604388	0.00616193	0.00625585	0.00632534	0.00637022	0.00639041	0.00638591	0.00635681	0.0063033	0.00622567	0.00612428	0.00599959	0.00585214	0.00568253	0.00549146	0.0052797	0.00504808	0.00479752	0.00452897	0.00424347	0.00394211	0.00362601	
0.000809655	0.00110996	0.00140573	0.00169575	0.00197884	0.00225387	0.00251973	0.00277536	0.00301973	0.00325191	0.00347097	0.00367608	0.00386645	0.00404137	0.00420018	0.00434232	0.00446728	0.00457461	0.00466396	0.00473505	0.00478764	0.00482162	0.0048369	0.00483349	0.00481146	0.00477097	0.00471221	0.00463547	0.00454109	0.00442948	0.0043011	0.00415648	0.0039962	0.00382089	0.00363124	0.00342798	0.00321188	0.00298378	0.00274453	
0.000543309	0.000744826	0.000943295	0.00113791	0.00132788	0.00151243	0.00169083	0.00186237	0.00202635	0.00218215	0.00232915	0.00246679	0.00259453	0.00271191	0.00281848	0.00291386	0.00299771	0.00306973	0.00312969	0.00317739	0.00321269	0.00323549	0.00324574	0.00324345	0.00322867	0.0032015	0.00316207	0.00311057	0.00304724	0.00297235	0.0028862	0.00278915	0.0026816	0.00256396	0.0024367	0.0023003	0.00215529	0.00200223	0.00184168	
0.000272721	0.000373875	0.000473499	0.000571188	0.000666545	0.000759185	0.000848735	0.000934839	0.00101716	0.00109536	0.00116915	0.00123824	0.00130236	0.00136128	0.00141477	0.00146265	0.00150474	0.00154089	0.00157099	0.00159493	0.00161265	0.00162409	0.00162924	0.00162809	0.00162067	0.00160703	0.00158724	0.00156139	0.0015296	0.00149201	0.00144877	0.00140005	0.00134606	0.00128701	0.00122313	0.00115467	0.00108188	0.00100504	0.000924456	

1.20227e-05	1.64845e-05	2.08824e-05	2.51993e-05	2.94184e-05	3.35234e-05	3.74984e-05	4.13279e-05	4.49971e-05	4.84917e-05	5.17983e-05	5.4904e-05	5.77967e-05	6.04654e-05	6.28995e-05	6.50898e-05	6.70277e-05	6.87057e-05	7.01173e-05	7.12572e-05	7.21209e-05	7.2705e-05	7.30073e-05	7.30267e-05	7.27631e-05	7.22176e-05	7.13922e-05	7.02903e-05	6.8916e-05	6.72748e-05	6.53729e-05	6.32179e-05	6.0818e-05	5.81825e-05	5.53217e-05	5.22466e-05	4.89692e-05	4.55021e-05	4.18589e-05	
2.39713e-05	3.28675e-05	4.16363e-05	5.02434e-05	5.86557e-05	6.68404e-05	7.47659e-05	8.24013e-05	8.97171e-05	9.66849e-05	0.000103278	0.00010947	0.000115238	0.000120558	0.000125412	0.000129779	0.000133643	0.000136988	0.000139803	0.000142076	0.000143798	0.000144962	0.000145565	0.000145604	0.000145078	0.00014399	0.000142345	0.000140148	0.000137408	0.000134135	0.000130343	0.000126046	0.000121261	0.000116007	0.000110303	0.000104171	9.76368e-05	9.0724e-05	8.346e-05	
3.57723e-05	4.90481e-05	6.21337e-05	7.49782e-05	8.75318e-05	9.97458e-05	0.000111573	0.000122967	0.000133885	0.000144283	0.000154121	0.000163362	0.000171969	0.000179909	0.000187152	0.000193668	0.000199434	0.000204427	0.000208627	0.000212019	0.000214589	0.000216327	0.000217226	0.000217284	0.0002165	0.000214877	0.000212421	0.000209142	0.000205053	0.00020017	0.000194511	0.000188099	0.000180958	0.000173116	0.000164604	0.000155455	0.000145703	0.000135387	0.000124547	
4.7353e-05	6.49267e-05	8.22484e-05	9.92511e-05	0.000115869	0.000132037	0.000147693	0.000162776	0.000177227	0.000190992	0.000204015	0.000216247	0.000227641	0.000238152	0.000247739	0.000256365	0.000263998	0.000270607	0.000276167	0.000280657	0.000284058	0.000286359	0.00028755	0.000287626	0.000286588	0.000284439	0.000281189	0.000276848	0.000271436	0.000264971	0.000257481	0.000248993	0.00023954	0.00022916	0.000217892	0.000205781	0.000192872	0.000179217	0.000164867	
5.86421e-05	8.04053e-05	0.000101857	0.000122913	0.000143492	0.000163515	0.000182903	0.000201582	0.000219479	0.000236525	0.000252653	0.000267801	0.000281911	0.000294927	0.0003068	0.000317484	0.000326936	0.000335121	0.000342006	0.000347566	0.000351779	0.000354628	0.000356102	0.000356197	0.000354911	0.00035225	0.000348225	0.00034285	0.000336147	0.000328141	0.000318865	0.000308353	0.000296647	0.000283792	0.000269838	0.000254839	0.000238853	0.000221942	0.000204172	
6.957e-05	9.53888e-05	0.000120838	0.000145818	0.000170232	0.000193986	0.000216987	0.000239147	0.000260379	0.000280601	0.000299735	0.000317706	0.000334445	0.000349887	0.000363972	0.000376646	0.00038786	0.00039757	0.000405739	0.000412335	0.000417332	0.000420712	0.000422462	0.000422574	0.000421049	0.000417892	0.000413116	0.00040674	0.000398787	0.00038929	0.000378285	0.000365815	0.000351927	0.000336677	0.000320123	0.000302328	0.000283364	0.000263301	0.000242219	
8.00694e-05	0.000109785	0.000139074	0.000167824	0.000195923	0.000223262	0.000249735	0.000275239	0.000299675	0.000322949	0.00034497	0.000365654	0.000384919	0.000402692	0.000418903	0.00043349	0.000446396	0.000457571	0.000466973	0.000474564	0.000480316	0.000484206	0.000486219	0.000486349	0.000484593	0.00048096	0.000475463	0.000468124	0.000458972	0.000448041	0.000435375	0.000421023	0.00040504	0.000387488	0.000368435	0.000347956	0.000326128	0.000303038	0.000278775	
9.00757e-05	0.000123505	0.000156454	0.000188797	0.000220408	0.000251163	0.000280944	0.000309635	0.000337125	0.000363308	0.000388081	0.000411349	0.000433022	0.000453016	0.000471253	0.000487663	0.000502182	0.000514754	0.00052533	0.00053387	0.000540341	0.000544717	0.000546982	0.000547127	0.000545153	0.000541065	0.000534882	0.000526626	0.000516329	0.000504033	0.000489784	0.000473638	0.000455657	0.000435912	0.000414478	0.000391439	0.000366885	0.000340909	0.000313613	
9.95271e-05	0.000136464	0.000172871	0.000208607	0.000243534	0.000277517	0.000310423	0.000342124	0.000372499	0.000401429	0.000428801	0.000454511	0.000478458	0.00050055	0.0005207	0.000538832	0.000554874	0.000568765	0.000580452	0.000589888	0.000597037	0.000601873	0.000604376	0.000604536	0.000602354	0.000597838	0.000591006	0.000581883	0.000570507	0.00055692	0.000541176	0.000523336	0.000503469	0.000481651	0.000457969	0.000432512	0.000405381	0.00037668	0.00034652	
0.000108365	0.000148582	0.000188222	0.000227132	0.000265161	0.000302161	0.000337989	0.000372506	0.000405578	0.000437077	0.00046688	0.000494873	0.000520947	0.000545	0.00056694	0.000586682	0.000604149	0.000619274	0.000631998	0.000642272	0.000650056	0.000655321	0.000658046	0.000658221	0.000655845	0.000650928	0.000643489	0.000633557	0.00062117	0.000606376	0.000589234	0.00056981	0.000548178	0.000524424	0.000498638	0.000470921	0.00044138	0.00041013	0.000377292	
0.000116536	0.000159785	0.000202414	0.000244258	0.000285154	0.000324944	0.000363474	0.000400593	0.000436159	0.000470033	0.000502083	0.000532187	0.000560226	0.000586093	0.000609688	0.000630918	0.000649702	0.000665967	0.00067965	0.000690699	0.000699071	0.000704732	0.000707663	0.000707851	0.000705296	0.000700008	0.000692008	0.000681327	0.000668006	0.000652097	0.000633663	0.000612774	0.000589511	0.000563965	0.000536235	0.000506428	0.00047466	0.000441054	0.00040574	
0.000123989	0.000170004	0.000215359	0.000259879	0.000303391	0.000345725	0.000386719	0.000426212	0.000464052	0.000500093	0.000534193	0.000566222	0.000596054	0.000623576	0.000648679	0.000671267	0.000691252	0.000708558	0.000723116	0.000734871	0.000743778	0.000749802	0.00075292	0.00075312	0.000750402	0.000744776	0.000736264	0.0007249	0.000710727	0.000693801	0.000674187	0.000651962	0.000627212	0.000600032	0.000570529	0.000538816	0.000505016	0.000469261	0.000431688	
0.000130678	0.000179175	0.000226977	0.000273899	0.000319758	0.000364376	0.000407581	0.000449205	0.000489087	0.000527071	0.000563011	0.000596768	0.00062821	0.000657216	0.000683674	0.00070748	0.000728544	0.000746783	0.000762126	0.000774516	0.000783903	0.000790252	0.000793538	0.000793749	0.000790884	0.000784955	0.000775984	0.000764006	0.000749069	0.00073123	0.000710558	0.000687134	0.000661049	0.000632403	0.000601308	0.000567884	0.000532261	0.000494576	0.000454977	
0.000136562	0.000187243	0.000237197	0.000286231	0.000334155	0.000380782	0.000425933	0.000469431	0.000511108	0.000550802	0.000588361	0.000623637	0.000656495	0.000686807	0.000714456	0.000739334	0.000761346	0.000780406	0.000796441	0.000809388	0.000819198	0.000825833	0.000829267	0.000829488	0.000826494	0.000820297	0.000810922	0.000798405	0.000782796	0.000764153	0.000742551	0.000718072	0.000690812	0.000660876	0.000628381	0.000593453	0.000556226	0.000516844	0.000475462	
0.000141604	0.000194156	0.000245955	0.0002968	0.000346493	0.000394842	0.000441659	0.000486763	0.000529979	0.00057114	0.000610085	0.000646664	0.000680735	0.000712166	0.000740835	0.000766632	0.000789457	0.000809221	0.000825848	0.000839273	0.000849445	0.000856325	0.000859886	0.000860114	0.00085701	0.000850584	0.000840863	0.000827885	0.000811698	0.000792368	0.000769968	0.000744585	0.000716319	0.000685278	0.000651583	0.000615364	0.000576763	0.000535928	0.000493017	
0.000145773	0.000199873	0.000253197	0.000305539	0.000356695	0.000406468	0.000454664	0.000501096	0.000545585	0.000587957	0.000628049	0.000665705	0.000700779	0.000733136	0.00076265	0.000789206	0.000812703	0.000833049	0.000850165	0.000863986	0.000874457	0.00088154	0.000885205	0.000885441	0.000882245	0.00087563	0.000865623	0.000852262	0.000835599	0.000815699	0.00079264	0.00076651	0.000737411	0.000705456	0.000670769	0.000633484	0.000593746	0.000551708	0.000507534	
0.000149045	0.000204358	0.000258879	0.000312395	0.0003647	0.000415589	0.000464867	0.000512341	0.000557828	0.000601151	0.000642142	0.000680643	0.000716504	0.000749587	0.000779763	0.000806916	0.00083094	0.000851742	0.000869243	0.000883373	0.00089408	0.000901321	0.000905069	0.00090531	0.000902042	0.000895279	0.000885047	0.000871387	0.00085435	0.000834003	0.000810426	0.00078371	0.000753958	0.000721286	0.000685821	0.000647699	0.000607069	0.000564089	0.000518923	
0.000151397	0.000207584	0.000262965	0.000317326	0.000370456	0.000422149	0.000472204	0.000520427	0.000566632	0.000610639	0.000652278	0.000691386	0.000727814	0.000761419	0.000792071	0.000819652	0.000844055	0.000865186	0.000882962	0.000897316	0.000908192	0.000915548	0.000919355	0.000919599	0.00091628	0.00090941	0.000899017	0.00088514	0.000867835	0.000847167	0.000823218	0.00079608	0.000765859	0.000732671	0.000696646	0.000657922	0.000616651	0.000572992	0.000527114	
0.000152816	0.00020953	0.00026543	0.000320301	0.000373929	0.000426106	0.00047663	0.000525306	0.000571944	0.000616363	0.000658392	0.000697867	0.000734636	0.000768556	0.000799496	0.000827336	0.000851968	0.000873296	0.00089124	0.000905728	0.000916706	0.00092413	0.000927973	0.00092822	0.000924869	0.000917935	0.000907444	0.000893438	0.00087597	0.000855109	0.000830935	0.000803543	0.000773038	0.000739539	0.000703176	0.00066409	0.000622432	0.000578363	0.000532055	
0.000153294	0.000210184	0.000266259	0.000321301	0.000375096	0.000427436	0.000478119	0.000526946	0.00057373	0.000618288	0.000660448	0.000700046	0.00073693	0.000770956	0.000801992	0.000829919	0.000854628	0.000876023	0.000894022	0.000908556	0.000919568	0.000927016	0.00093087	0.000931118	0.000927757	0.000920801	0.000910278	0.000896227	0.000878705	0.000857779	0.000833529	0.000806052	0.000775452	0.000741848	0.000705372	0.000666163	0.000624375	0.000580169	0.000533716	
0.000152826	0.000209542	0.000265446	0.00032032	0.000373951	0.000426132	0.000476659	0.000525338	0.000571978	0.0006164	0.000658432	0.000697909	0.000734681	0.000768603	0.000799544	0.000827385	0.000852019	0.000873349	0.000891293	0.000905783	0.000916761	0.000924186	0.000928029	0.000928276	0.000924925	0.00091799	0.000907499	0.000893492	0.000876023	0.00085516	0.000830985	0.000803591	0.000773084	0.000739584	0.000703219	0.00066413	0.000622469	0.000578398	0.000532087	
0.000151415	0.000207609	0.000262996	0.000317364	0.0003705	0.000422199	0.000472261	0.00052049	0.0005667	0.000610712	0.000652356	0.000691469	0.000727901	0.00076151	0.000792166	0.00081975	0.000844157	0.00086529	0.000883069	0.000897424	0.000908301	0.000915657	0.000919465	0.00091971	0.00091639	0.000909519	0.000899125	0.000885247	0.000867939	0.000847269	0.000823317	0.000796176	0.000765951	0.000732759	0.000696729	0.000658001	0.000616725	0.000573061	0.000527177	
0.000149071	0.000204395	0.000258925	0.000312451	0.000364765	0.000415664	0.00046495	0.000512433	0.000557927	0.000601258	0.000642257	0.000680765	0.000716633	0.000749722	0.000779903	0.000807061	0.000831089	0.000851895	0.000869398	0.000883532	0.00089424	0.000901483	0.000905232	0.000905472	0.000902204	0.00089544	0.000885206	0.000871543	0.000854503	0.000834153	0.000810572	0.000783851	0.000754093	0.000721416	0.000685944	0.000647815	0.000607178	0.00056419	0.000519016	
0.000145808	0.00019992	0.000253257	0.000305611	0.00035678	0.000406564	0.000454772	0.000501215	0.000545714	0.000588096	0.000628198	0.000665863	0.000700945	0.00073331	0.000762831	0.000789393	0.000812896	0.000833246	0.000850367	0.000864191	0.000874665	0.000881749	0.000885415	0.000885651	0.000882454	0.000875838	0.000865828	0.000852464	0.000835797	0.000815893	0.000792828	0.000766692	0.000737586	0.000705623	0.000670928	0.000633634	0.000593887	0.000551839	0.000507655	
0.000141646	0.000194213	0.000246027	0.000296887	0.000346595	0.000394958	0.000441789	0.000486906	0.000530135	0.000571307	0.000610264	0.000646854	0.000680935	0.000712375	0.000741053	0.000766858	0.000789689	0.000809459	0.00082609	0.00083952	0.000849695	0.000856577	0.000860139	0.000860367	0.000857262	0.000850834	0.000841111	0.000828128	0.000811937	0.000792601	0.000770194	0.000744804	0.000716529	0.000685479	0.000651774	0.000615545	0.000576932	0.000536085	0.000493162	
0.000136609	0.000187308	0.00023728	0.000286331	0.000334271	0.000380915	0.000426081	0.000469594	0.000511286	0.000550995	0.000588566	0.000623855	0.000656724	0.000687047	0.000714705	0.000739592	0.000761612	0.000780678	0.000796719	0.00080967	0.000819484	0.000826121	0.000829556	0.000829777	0.000826782	0.000820583	0.000811205	0.000798684	0.000783068	0.00076442	0.00074281	0.000718322	0.000691053	0.000661107	0.0006286	0.000593659	0.000556419	0.000517025	0.000475628	
0.00013073	0.000179247	0.000227068	0.000274009	0.000319886	0.000364523	0.000407745	0.000449386	0.000489283	0.000527283	0.000563237	0.000597007	0.000628462	0.00065748	0.000683948	0.000707764	0.000728836	0.000747082	0.000762432	0.000774827	0.000784218	0.000790569	0.000793857	0.000794068	0.000791202	0.00078527	0.000776295	0.000764313	0.00074937	0.000731523	0.000710843	0.00068741	0.000661314	0.000632657	0.000601549	0.000568112	0.000532474	0.000494775	0.000455159	
0.000124045	0.000170081	0.000215456	0.000259996	0.000303528	0.000345881	0.000386893	0.000426405	0.000464262	0.000500318	0.000534434	0.000566477	0.000596324	0.000623857	0.000648972	0.00067157	0.000691564	0.000708877	0.000723443	0.000735203	0.000744114	0.000750141	0.00075326	0.00075346	0.000750741	0.000745112	0.000736596	0.000725227	0.000711048	0.000694114	0.000674492	0.000652257	0.000627495	0.000600303	0.000570787	0.000539059	0.000505244	0.000469473	0.000431883	
0.000116594	0.000159865	0.000202515	0.00024438	0.000285296	0.000325106	0.000363655	0.000400793	0.000436376	0.000470267	0.000502334	0.000532452	0.000560506	0.000586386	0.000609992	0.000631233	0.000650026	0.000666299	0.000679989	0.000691044	0.000699419	0.000705084	0.000708016	0.000708204	0.000705648	0.000700357	0.000692353	0.000681667	0.000668339	0.000652423	0.000633979	0.000613079	0.000589805	0.000564247	0.000536503	0.000506681	0.000474897	0.000441274	0.000405942	
0.000108424	0.000148663	0.000188324	0.000227256	0.000265305	0.000302325	0.000338173	0.000372708	0.000405798	0.000437314	0.000467134	0.000495142	0.00052123	0.000545296	0.000567248	0.000587001	0.000604477	0.00061961	0.000632341	0.000642621	0.000650409	0.000655677	0.000658404	0.000658578	0.000656201	0.000651282	0.000643838	0.000633901	0.000621507	0.000606706	0.000589554	0.000570119	0.000548476	0.000524708	0.000498909	0.000471177	0.00044162	0.000410353	0.000377497	
9.95852e-05	0.000136543	0.000172972	0.000208729	0.000243677	0.000277679	0.000310604	0.000342324	0.000372716	0.000401663	0.000429052	0.000454777	0.000478738	0.000500842	0.000521004	0.000539147	0.000555198	0.000569098	0.000580791	0.000590232	0.000597386	0.000602224	0.000604728	0.000604889	0.000602706	0.000598187	0.000591351	0.000582223	0.00057084	0.000557245	0.000541492	0.000523641	0.000503763	0.000481933	0.000458236	0.000432765	0.000405618	0.0003769	0.000346722	
9.01316e-05	0.000123581	0.000156552	0.000188914	0.000220544	0.000251319	0.000281118	0.000309827	0.000337335	0.000363533	0.000388322	0.000411605	0.000433291	0.000453297	0.000471546	0.000487966	0.000502494	0.000515073	0.000525656	0.000534202	0.000540676	0.000545055	0.000547322	0.000547467	0.000545491	0.000541402	0.000535214	0.000526953	0.00051665	0.000504346	0.000490088	0.000473932	0.000455941	0.000436183	0.000414736	0.000391683	0.000367113	0.000341121	0.000313808	
8.01219e-05	0.000109857	0.000139165	0.000167934	0.000196051	0.000223408	0.000249898	0.000275419	0.000299871	0.00032316	0.000345196	0.000365893	0.000385171	0.000402955	0.000419177	0.000433773	0.000446688	0.000457871	0.000467278	0.000474875	0.00048063	0.000484523	0.000486538	0.000486667	0.00048491	0.000481275	0.000475775	0.000468431	0.000459272	0.000448335	0.00043566	0.000421299	0.000405305	0.000387742	0.000368676	0.000348183	0.000326342	0.000303237	0.000278957	
6.96176e-05	9.54541e-05	0.00012092	0.000145917	0.000170348	0.000194118	0.000217136	0.00023931	0.000260557	0.000280793	0.00029994	0.000317923	0.000334674	0.000350126	0.000364221	0.000376904	0.000388126	0.000397842	0.000406016	0.000412617	0.000417618	0.000421	0.000422751	0.000422863	0.000421337	0.000418178	0.000413399	0.000407018	0.00039906	0.000389557	0.000378544	0.000366065	0.000352168	0.000336907	0.000320342	0.000302535	0.000283557	0.000263481	0.000242385	
5.86837e-05	8.04624e-05	0.000101929	0.000123	0.000143594	0.000163631	0.000183033	0.000201725	0.000219635	0.000236692	0.000252832	0.000267991	0.000282111	0.000295137	0.000307018	0.000317709	0.000327168	0.000335358	0.000342249	0.000347813	0.000352028	0.000354879	0.000356355	0.00035645	0.000355163	0.0003525	0.000348472	0.000343093	0.000336385	0.000328374	0.000319091	0.000308572	0.000296858	0.000283994	0.00027003	0.00025502	0.000239023	0.0002221	0.000204317	
4.73876e-05	6.49741e-05	8.23085e-05	9.93236e-05	0.000115953	0.000132133	0.000147801	0.000162895	0.000177357	0.000191131	0.000204164	0.000216405	0.000227807	0.000238325	0.00024792	0.000256553	0.000264191	0.000270805	0.000276369	0.000280862	0.000284266	0.000286568	0.00028776	0.000287836	0.000286797	0.000284647	0.000281394	0.000277051	0.000271634	0.000265165	0.000257669	0.000249175	0.000239715	0.000229327	0.000218051	0.000205931	0.000193013	0.000179348	0.000164988	
3.5799e-05	4.90848e-05	6.21801e-05	7.50342e-05	8.75971e-05	9.98203e-05	0.000111656	0.000123059	0.000133985	0.00014439	0.000154236	0.000163484	0.000172097	0.000180043	0.000187291	0.000193813	0.000199583	0.00020458	0.000208783	0.000212177	0.000214749	0.000216488	0.000217389	0.000217446	0.000216661	0.000215037	0.000212579	0.000209298	0.000205206	0.000200319	0.000194656	0.000188239	0.000181093	0.000173246	0.000164727	0.000155571	0.000145812	0.000135488	0.00012464	
2.39895e-05	3.28925e-05	4.16678e-05	5.02816e-05	5.87002e-05	6.68911e-05	7.48226e-05	8.24638e-05	8.97851e-05	9.67582e-05	0.000103356	0.000109553	0.000115325	0.00012065	0.000125507	0.000129877	0.000133744	0.000137092	0.000139909	0.000142183	0.000143907	0.000145072	0.000145675	0.000145714	0.000145188	0.0001441	0.000142453	0.000140254	0.000137512	0.000134237	0.000130442	0.000126142	0.000121353	0.000116095	0.000110386	0.00010425	9.77109e-05	9.07929e-05	8.35233e-05	
1.20319e-05	1.64971e-05	2.08984e-05	2.52186e-05	2.9441e-05	3.35491e-05	3.75271e-05	4.13595e-05	4.50315e-05	4.85289e-05	5.1838e-05	5.4946e-05	5.7841e-05	6.05117e-05	6.29477e-05	6.51396e-05	6.7079e-05	6.87583e-05	7.0171e-05	7.13118e-05	7.21761e-05	7.27606e-05	7.30632e-05	7.30826e-05	7.28188e-05	7.22729e-05	7.14469e-05	7.03441e-05	6.89688e-05	6.73263e-05	6.5423e-05	6.32663e-05	6.08645e-05	5.8227e-05	5.5364e-05	5.22866e-05	4.90067e-05	4.5537e-05	4.18909e-05	

7.93719e-08	1.08829e-07	1.37864e-07	1.66365e-07	1.94221e-07	2.21324e-07	2.4757e-07	2.72856e-07	2.97084e-07	3.20162e-07	3.41998e-07	3.62509e-07	3.81615e-07	3.99243e-07	4.15322e-07	4.29793e-07	4.42597e-07	4.53687e-07	4.63018e-07	4.70555e-07	4.76268e-07	4.80135e-07	4.82141e-07	4.82279e-07	4.80548e-07	4.76954e-07	4.71512e-07	4.64243e-07	4.55175e-07	4.44342e-07	4.31787e-07	4.17559e-07	4.01713e-07	3.8431e-07	3.65417e-07	3.45109e-07	3.23462e-07	3.00563e-07	2.76498e-07	
1.58254e-07	2.16986e-07	2.74878e-07	3.31703e-07	3.87244e-07	4.41283e-07	4.93613e-07	5.44029e-07	5.92337e-07	6.38349e-07	6.81888e-07	7.22783e-07	7.60878e-07	7.96024e-07	8.28084e-07	8.56936e-07	8.82466e-07	9.04577e-07	9.23181e-07	9.38208e-07	9.49599e-07	9.57309e-07	9.6131e-07	9.61585e-07	9.58133e-07	9.50968e-07	9.40118e-07	9.25624e-07	9.07543e-07	8.85944e-07	8.60913e-07	8.32544e-07	8.00949e-07	7.6625e-07	7.28582e-07	6.8809e-07	6.44931e-07	5.99272e-07	5.51291e-07	
2.36161e-07	3.23806e-07	4.10197e-07	4.94997e-07	5.77879e-07	6.58522e-07	7.36613e-07	8.11848e-07	8.83938e-07	9.52601e-07	1.01757e-06	1.0786e-06	1.13545e-06	1.1879e-06	1.23574e-06	1.2788e-06	1.31689e-06	1.34989e-06	1.37765e-06	1.40008e-06	1.41708e-06	1.42858e-06	1.43455e-06	1.43496e-06	1.42981e-06	1.41912e-06	1.40293e-06	1.3813e-06	1.35432e-06	1.32208e-06	1.28473e-06	1.2424e-06	1.19525e-06	1.14347e-06	1.08725e-06	1.02683e-06	9.62423e-07	8.94287e-07	8.22686e-07	
3.12612e-07	4.2863e-07	5.42987e-07	6.55239e-07	7.64952e-07	8.71701e-07	9.75071e-07	1.07466e-06	1.17009e-06	1.26098e-06	1.34698e-06	1.42777e-06	1.50302e-06	1.57245e-06	1.63578e-06	1.69277e-06	1.7432e-06	1.78688e-06	1.82363e-06	1.85331e-06	1.87582e-06	1.89105e-06	1.89895e-06	1.89949e-06	1.89267e-06	1.87852e-06	1.85709e-06	1.82846e-06	1.79274e-06	1.75007e-06	1.70063e-06	1.64459e-06	1.58218e-06	1.51363e-06	1.43922e-06	1.35924e-06	1.27398e-06	1.18379e-06	1.08901e-06	
3.87136e-07	5.30811e-07	6.72429e-07	8.11442e-07	9.47309e-07	1.07951e-06	1.20752e-06	1.33085e-06	1.44903e-06	1.56158e-06	1.66809e-06	1.76813e-06	1.86132e-06	1.9473e-06	2.02573e-06	2.09631e-06	2.15876e-06	2.21285e-06	2.25837e-06	2.29513e-06	2.32299e-06	2.34185e-06	2.35164e-06	2.35231e-06	2.34387e-06	2.32634e-06	2.2998e-06	2.26434e-06	2.22011e-06	2.16727e-06	2.10604e-06	2.03664e-06	1.95935e-06	1.87447e-06	1.78232e-06	1.68326e-06	1.57768e-06	1.46599e-06	1.34862e-06	
4.59272e-07	6.29719e-07	7.97726e-07	9.62641e-07	1.12383e-06	1.28065e-06	1.43252e-06	1.57883e-06	1.71903e-06	1.85256e-06	1.97892e-06	2.0976e-06	2.20815e-06	2.31015e-06	2.40319e-06	2.48692e-06	2.56102e-06	2.62518e-06	2.67918e-06	2.72279e-06	2.75584e-06	2.77822e-06	2.78983e-06	2.79063e-06	2.78061e-06	2.75982e-06	2.72833e-06	2.68627e-06	2.63379e-06	2.57111e-06	2.49847e-06	2.41614e-06	2.32445e-06	2.22375e-06	2.11443e-06	1.99691e-06	1.87166e-06	1.73916e-06	1.59991e-06	
5.28577e-07	7.24745e-07	9.18104e-07	1.10791e-06	1.29341e-06	1.47391e-06	1.64869e-06	1.81708e-06	1.97843e-06	2.13212e-06	2.27754e-06	2.41413e-06	2.54137e-06	2.65876e-06	2.76584e-06	2.86221e-06	2.94748e-06	3.02133e-06	3.08347e-06	3.13366e-06	3.17171e-06	3.19746e-06	3.21082e-06	3.21174e-06	3.20021e-06	3.17628e-06	3.14004e-06	3.09163e-06	3.03124e-06	2.9591e-06	2.87549e-06	2.78074e-06	2.67521e-06	2.55931e-06	2.4335e-06	2.29825e-06	2.1541e-06	2.0016e-06	1.84134e-06	
5.94623e-07	8.15303e-07	1.03282e-06	1.24634e-06	1.45503e-06	1.65807e-06	1.8547e-06	2.04413e-06	2.22564e-06	2.39853e-06	2.56212e-06	2.71578e-06	2.85891e-06	2.99097e-06	3.11144e-06	3.21984e-06	3.31577e-06	3.39885e-06	3.46875e-06	3.52521e-06	3.56801e-06	3.59698e-06	3.61202e-06	3.61305e-06	3.60008e-06	3.57316e-06	3.53239e-06	3.47793e-06	3.40999e-06	3.32884e-06	3.23478e-06	3.12819e-06	3.00948e-06	2.8791e-06	2.73757e-06	2.58542e-06	2.42326e-06	2.2517e-06	2.07142e-06	
6.57004e-07	9.00834e-07	1.14117e-06	1.37709e-06	1.60767e-06	1.83202e-06	2.04927e-06	2.25857e-06	2.45913e-06	2.65015e-06	2.8309e-06	3.00068e-06	3.15883e-06	3.30474e-06	3.43785e-06	3.55763e-06	3.66362e-06	3.75541e-06	3.83265e-06	3.89503e-06	3.94232e-06	3.97433e-06	3.99094e-06	3.99208e-06	3.97775e-06	3.94801e-06	3.90296e-06	3.84279e-06	3.76772e-06	3.67806e-06	3.57414e-06	3.45636e-06	3.32519e-06	3.18114e-06	3.02476e-06	2.85665e-06	2.67747e-06	2.48792e-06	2.28872e-06	
7.15333e-07	9.80811e-07	1.24249e-06	1.49935e-06	1.7504e-06	1.99467e-06	2.2312e-06	2.45909e-06	2.67745e-06	2.88543e-06	3.08223e-06	3.26709e-06	3.43928e-06	3.59814e-06	3.74306e-06	3.87348e-06	3.98888e-06	4.08882e-06	4.17291e-06	4.24084e-06	4.29233e-06	4.32718e-06	4.34526e-06	4.34651e-06	4.3309e-06	4.29852e-06	4.24947e-06	4.18396e-06	4.10223e-06	4.0046e-06	3.89145e-06	3.76322e-06	3.62041e-06	3.46356e-06	3.2933e-06	3.11027e-06	2.91518e-06	2.7088e-06	2.49192e-06	
7.69252e-07	1.05474e-06	1.33614e-06	1.61236e-06	1.88234e-06	2.14502e-06	2.39938e-06	2.64445e-06	2.87927e-06	3.10293e-06	3.31456e-06	3.51335e-06	3.69852e-06	3.86936e-06	4.0252e-06	4.16544e-06	4.28954e-06	4.39702e-06	4.48745e-06	4.5605e-06	4.61587e-06	4.65335e-06	4.67279e-06	4.67413e-06	4.65735e-06	4.62252e-06	4.56978e-06	4.49933e-06	4.41144e-06	4.30645e-06	4.18478e-06	4.04688e-06	3.8933e-06	3.72464e-06	3.54153e-06	3.34471e-06	3.13492e-06	2.91298e-06	2.67975e-06	
8.18429e-07	1.12217e-06	1.42156e-06	1.71544e-06	2.00267e-06	2.28214e-06	2.55277e-06	2.8135e-06	3.06333e-06	3.30129e-06	3.52645e-06	3.73795e-06	3.93496e-06	4.11672e-06	4.28252e-06	4.43173e-06	4.56377e-06	4.67811e-06	4.77433e-06	4.85204e-06	4.91095e-06	4.95082e-06	4.97151e-06	4.97294e-06	4.95509e-06	4.91803e-06	4.86192e-06	4.78696e-06	4.69345e-06	4.58175e-06	4.4523e-06	4.30559e-06	4.14219e-06	3.96274e-06	3.76794e-06	3.55853e-06	3.33533e-06	3.0992e-06	2.85106e-06	
8.6256e-07	1.18268e-06	1.49821e-06	1.80794e-06	2.11066e-06	2.4052e-06	2.69042e-06	2.96521e-06	3.22851e-06	3.4793e-06	3.7166e-06	3.9395e-06	4.14714e-06	4.3387e-06	4.51344e-06	4.6707e-06	4.80985e-06	4.93036e-06	5.03176e-06	5.11367e-06	5.17575e-06	5.21778e-06	5.23958e-06	5.24108e-06	5.22227e-06	5.18322e-06	5.12408e-06	5.04508e-06	4.94653e-06	4.82881e-06	4.69237e-06	4.53775e-06	4.36554e-06	4.17642e-06	3.97111e-06	3.75041e-06	3.51517e-06	3.26631e-06	3.00479e-06	
9.01372e-07	1.23589e-06	1.56563e-06	1.88929e-06	2.20563e-06	2.51343e-06	2.81148e-06	3.09864e-06	3.37378e-06	3.63586e-06	3.88384e-06	4.11677e-06	4.33375e-06	4.53393e-06	4.71653e-06	4.88086e-06	5.02628e-06	5.15221e-06	5.25818e-06	5.34377e-06	5.40865e-06	5.45256e-06	5.47535e-06	5.47692e-06	5.45726e-06	5.41645e-06	5.35465e-06	5.27209e-06	5.16911e-06	5.04609e-06	4.90352e-06	4.74194e-06	4.56198e-06	4.36435e-06	4.1498e-06	3.91916e-06	3.67334e-06	3.41329e-06	3.14e-06	
9.34628e-07	1.28149e-06	1.62339e-06	1.95899e-06	2.28701e-06	2.60616e-06	2.91521e-06	3.21296e-06	3.49826e-06	3.77e-06	4.02713e-06	4.26865e-06	4.49364e-06	4.7012e-06	4.89055e-06	5.06094e-06	5.21172e-06	5.3423e-06	5.45218e-06	5.54092e-06	5.60819e-06	5.65373e-06	5.67736e-06	5.67898e-06	5.6586e-06	5.61628e-06	5.5522e-06	5.4666e-06	5.35982e-06	5.23226e-06	5.08443e-06	4.91689e-06	4.73029e-06	4.52537e-06	4.3029e-06	4.06376e-06	3.80887e-06	3.53922e-06	3.25585e-06	
9.62121e-07	1.31919e-06	1.67114e-06	2.01662e-06	2.35428e-06	2.68282e-06	3.00096e-06	3.30747e-06	3.60116e-06	3.8809e-06	4.14559e-06	4.39422e-06	4.62582e-06	4.83949e-06	5.03441e-06	5.20981e-06	5.36503e-06	5.49945e-06	5.61256e-06	5.70392e-06	5.77317e-06	5.82004e-06	5.84437e-06	5.84604e-06	5.82505e-06	5.78149e-06	5.71553e-06	5.62741e-06	5.51748e-06	5.38617e-06	5.23399e-06	5.06152e-06	4.86944e-06	4.65848e-06	4.42947e-06	4.1833e-06	3.92091e-06	3.64333e-06	3.35162e-06	
9.83682e-07	1.34875e-06	1.70859e-06	2.06181e-06	2.40704e-06	2.74294e-06	3.06821e-06	3.38159e-06	3.68187e-06	3.96787e-06	4.2385e-06	4.4927e-06	4.72949e-06	4.94795e-06	5.14723e-06	5.32657e-06	5.48526e-06	5.62269e-06	5.73834e-06	5.83174e-06	5.90254e-06	5.95047e-06	5.97534e-06	5.97705e-06	5.95559e-06	5.91106e-06	5.84361e-06	5.75352e-06	5.64113e-06	5.50688e-06	5.35129e-06	5.17495e-06	4.97856e-06	4.76288e-06	4.52874e-06	4.27705e-06	4.00878e-06	3.72497e-06	3.42673e-06	
9.99179e-07	1.37e-06	1.73551e-06	2.09429e-06	2.44496e-06	2.78615e-06	3.11655e-06	3.43486e-06	3.73987e-06	4.03038e-06	4.30527e-06	4.56347e-06	4.80399e-06	5.0259e-06	5.22832e-06	5.41048e-06	5.57167e-06	5.71127e-06	5.82874e-06	5.92361e-06	5.99553e-06	6.04421e-06	6.06947e-06	6.07121e-06	6.04942e-06	6.00418e-06	5.93567e-06	5.84416e-06	5.73e-06	5.59363e-06	5.43559e-06	5.25648e-06	5.057e-06	4.83791e-06	4.60008e-06	4.34443e-06	4.07193e-06	3.78366e-06	3.48072e-06	
1.00852e-06	1.3828e-06	1.75173e-06	2.11386e-06	2.46781e-06	2.81219e-06	3.14567e-06	3.46696e-06	3.77481e-06	4.06804e-06	4.3455e-06	4.60612e-06	4.84888e-06	5.07286e-06	5.27717e-06	5.46104e-06	5.62373e-06	5.76464e-06	5.8832e-06	5.97896e-06	6.05155e-06	6.10069e-06	6.12619e-06	6.12794e-06	6.10594e-06	6.06028e-06	5.99113e-06	5.89877e-06	5.78354e-06	5.6459e-06	5.48638e-06	5.30559e-06	5.10425e-06	4.88312e-06	4.64307e-06	4.38502e-06	4.10998e-06	3.81901e-06	3.51324e-06	
1.01163e-06	1.38708e-06	1.75714e-06	2.1204e-06	2.47544e-06	2.82088e-06	3.1554e-06	3.47768e-06	3.78649e-06	4.08062e-06	4.35893e-06	4.62036e-06	4.86388e-06	5.08854e-06	5.29349e-06	5.47792e-06	5.64112e-06	5.78246e-06	5.90139e-06	5.99745e-06	6.07027e-06	6.11956e-06	6.14513e-06	6.14689e-06	6.12482e-06	6.07902e-06	6.00966e-06	5.91701e-06	5.80143e-06	5.66336e-06	5.50334e-06	5.322e-06	5.12003e-06	4.89822e-06	4.65743e-06	4.39858e-06	4.12269e-06	3.83082e-06	3.5241e-06	
1.00852e-06	1.3828e-06	1.75173e-06	2.11386e-06	2.46781e-06	2.81219e-06	3.14567e-06	3.46696e-06	3.77481e-06	4.06804e-06	4.3455e-06	4.60612e-06	4.84888e-06	5.07286e-06	5.27717e-06	5.46104e-06	5.62373e-06	5.76464e-06	5.8832e-06	5.97896e-06	6.05155e-06	6.10069e-06	6.12619e-06	6.12794e-06	6.10594e-06	6.06028e-06	5.99113e-06	5.89877e-06	5.78354e-06	5.6459e-06	5.48638e-06	5.30559e-06	5.10425e-06	4.88312e-06	4.64307e-06	4.38502e-06	4.10998e-06	3.81901e-06	3.51324e-06	
9.99179e-07	1.37e-06	1.73551e-06	2.09429e-06	2.44496e-06	2.78615e-06	3.11655e-06	3.43486e-06	3.73987e-06	4.03038e-06	4.30527e-06	4.56347e-06	4.80399e-06	5.0259e-06	5.22832e-06	5.41048e-06	5.57167e-06	5.71127e-06	5.82874e-06	5.92361e-06	5.99553e-06	6.04421e-06	6.06947e-06	6.07121e-06	6.04942e-06	6.00418e-06	5.93567e-06	5.84416e-06	5.73e-06	5.59363e-06	5.43559e-06	5.25648e-06	5.057e-06	4.83791e-06	4.60008e-06	4.34443e-06	4.07193e-06	3.78366e-06	3.48072e-06	
9.83682e-07	1.34875e-06	1.70859e-06	2.06181e-06	2.40704e-06	2.74294e-06	3.06821e-06	3.38159e-06	3.68187e-06	3.96787e-06	4.2385e-06	4.4927e-06	4.72949e-06	4.94795e-06	5.14723e-06	5.32657e-06	5.48526e-06	5.62269e-06	5.73834e-06	5.83174e-06	5.90254e-06	5.95047e-06	5.97534e-06	5.97705e-06	5.95559e-06	5.91106e-06	5.84361e-06	5.75352e-06	5.64113e-06	5.50688e-06	5.35129e-06	5.17495e-06	4.97856e-06	4.76288e-06	4.52874e-06	4.27705e-06	4.00878e-06	3.72497e-06	3.42673e-06	
9.62121e-07	1.31919e-06	1.67114e-06	2.01662e-06	2.35428e-06	2.68282e-06	3.00096e-06	3.30747e-06	3.60116e-06	3.8809e-06	4.14559e-06	4.39422e-06	4.62582e-06	4.83949e-06	5.03441e-06	5.20981e-06	5.36503e-06	5.49945e-06	5.61256e-06	5.70392e-06	5.77317e-06	5.82004e-06	5.84437e-06	5.84604e-06	5.82505e-06	5.78149e-06	5.71553e-06	5.62741e-06	5.51748e-06	5.38617e-06	5.23399e-06	5.06152e-06	4.86944e-06	4.65848e-06	4.42947e-06	4.1833e-06	3.92091e-06	3.64333e-06	3.35162e-06	
9.34628e-07	1.28149e-06	1.62339e-06	1.95899e-06	2.28701e-06	2.60616e-06	2.91521e-06	3.21296e-06	3.49826e-06	3.77e-06	4.02713e-06	4.26866e-06	4.49364e-06	4.7012e-06	4.89055e-06	5.06094e-06	5.21172e-06	5.3423e-06	5.45218e-06	5.54092e-06	5.6082e-06	5.65373e-06	5.67736e-06	5.67898e-06	5.6586e-06	5.61628e-06	5.5522e-06	5.4666e-06	5.35982e-06	5.23226e-06	5.08443e-06	4.91689e-06	4.73029e-06	4.52537e-06	4.3029e-06	4.06376e-06	3.80887e-06	3.53922e-06	3.25585e-06	
9.01372e-07	1.23589e-06	1.56563e-06	1.88929e-06	2.20563e-06	2.51343e-06	2.81148e-06	3.09864e-06	3.37378e-06	3.63586e-06	3.88384e-06	4.11677e-06	4.33375e-06	4.53393e-06	4.71653e-06	4.88086e-06	5.02628e-06	5.15221e-06	5.25818e-06	5.34377e-06	5.40865e-06	5.45256e-06	5.47535e-06	5.47692e-06	5.45726e-06	5.41645e-06	5.35465e-06	5.27209e-06	5.16911e-06	5.04609e-06	4.90352e-06	4.74194e-06	4.56198e-06	4.36435e-06	4.1498e-06	3.91916e-06	3.67334e-06	3.41329e-06	3.14e-06	
8.6256e-07	1.18268e-06	1.49821e-06	1.80794e-06	2.11066e-06	2.4052e-06	2.69042e-06	2.96521e-06	3.22851e-06	3.4793e-06	3.7166e-06	3.9395e-06	4.14714e-06	4.3387e-06	4.51344e-06	4.6707e-06	4.80985e-06	4.93036e-06	5.03176e-06	5.11367e-06	5.17575e-06	5.21778e-06	5.23958e-06	5.24108e-06	5.22227e-06	5.18322e-06	5.12408e-06	5.04508e-06	4.94653e-06	4.82881e-06	4.69237e-06	4.53775e-06	4.36554e-06	4.17642e-06	3.97111e-06	3.75041e-06	3.51517e-06	3.26631e-06	3.00479e-06	
8.18429e-07	1.12217e-06	1.42156e-06	1.71544e-06	2.00267e-06	2.28214e-06	2.55277e-06	2.8135e-06	3.06333e-06	3.30129e-06	3.52645e-06	3.73795e-06	3.93496e-06	4.11672e-06	4.28252e-06	4.43173e-06	4.56377e-06	4.67811e-06	4.77433e-06	4.85204e-06	4.91095e-06	4.95083e-06	4.97151e-06	4.97294e-06	4.95509e-06	4.91803e-06	4.86192e-06	4.78696e-06	4.69345e-06	4.58175e-06	4.4523e-06	4.30559e-06	4.14219e-06	3.96274e-06	3.76794e-06	3.55853e-06	3.33533e-06	3.0992e-06	2.85106e-06	
7.69252e-07	1.05474e-06	1.33614e-06	1.61236e-06	1.88234e-06	2.14502e-06	2.39938e-06	2.64445e-06	2.87927e-06	3.10293e-06	3.31456e-06	3.51335e-06	3.69852e-06	3.86936e-06	4.0252e-06	4.16544e-06	4.28954e-06	4.39702e-06	4.48745e-06	4.5605e-06	4.61587e-06	4.65335e-06	4.67279e-06	4.67413e-06	4.65735e-06	4.62252e-06	4.56978e-06	4.49933e-06	4.41144e-06	4.30645e-06	4.18478e-06	4.04688e-06	3.8933e-06	3.72464e-06	3.54153e-06	3.34471e-06	3.13492e-06	2.91298e-06	2.67975e-06	
7.15333e-07	9.80811e-07	1.24249e-06	1.49935e-06	1.7504e-06	1.99467e-06	2.2312e-06	2.45909e-06	2.67745e-06	2.88543e-06	3.08223e-06	3.26709e-06	3.43928e-06	3.59814e-06	3.74306e-06	3.87348e-06	3.98888e-06	4.08882e-06	4.17292e-06	4.24084e-06	4.29233e-06	4.32718e-06	4.34526e-06	4.34651e-06	4.3309e-06	4.29852e-06	4.24947e-06	4.18396e-06	4.10223e-06	4.0046e-06	3.89145e-06	3.76322e-06	3.62041e-06	3.46356e-06	3.2933e-06	3.11027e-06	2.91518e-06	2.7088e-06	2.49192e-06	
6.57004e-07	9.00834e-07	1.14117e-06	1.37709e-06	1.60767e-06	1.83202e-06	2.04927e-06	2.25857e-06	2.45913e-06	2.65015e-06	2.8309e-06	3.00068e-06	3.15884e-06	3.30475e-06	3.43785e-06	3.55763e-06	3.66362e-06	3.75541e-06	3.83265e-06	3.89503e-06	3.94232e-06	3.97433e-06	3.99094e-06	3.99208e-06	3.97775e-06	3.94801e-06	3.90296e-06	3.84279e-06	3.76772e-06	3.67806e-06	3.57414e-06	3.45636e-06	3.32519e-06	3.18114e-06	3.02476e-06	2.85665e-06	2.67747e-06	2.48792e-06	2.28872e-06	
5.94624e-07	8.15303e-07	1.03282e-06	1.24634e-06	1.45503e-06	1.65807e-06	1.8547e-06	2.04413e-06	2.22564e-06	2.39853e-06	2.56212e-06	2.71578e-06	2.85891e-06	2.99097e-06	3.11144e-06	3.21984e-06	3.31577e-06	3.39885e-06	3.46875e-06	3.52521e-06	3.56801e-06	3.59699e-06	3.61202e-06	3.61305e-06	3.60008e-06	3.57316e-06	3.53239e-06	3.47793e-06	3.40999e-06	3.32884e-06	3.23478e-06	3.12819e-06	3.00948e-06	2.8791e-06	2.73757e-06	2.58542e-06	2.42326e-06	2.2517e-06	2.07142e-06	
5.28577e-07	7.24745e-07	9.18104e-07	1.10791e-06	1.29341e-06	1.47391e-06	1.64869e-06	1.81708e-06	1.97843e-06	2.13212e-06	2.27754e-06	2.41413e-06	2.54137e-06	2.65876e-06	2.76584e-06	2.86221e-06	2.94748e-06	3.02133e-06	3.08347e-06	3.13366e-06	3.17171e-06	3.19746e-06	3.21082e-06	3.21174e-06	3.20021e-06	3.17628e-06	3.14004e-06	3.09163e-06	3.03124e-06	2.9591e-06	2.87549e-06	2.78074e-06	2.67521e-06	2.55931e-06	2.4335e-06	2.29825e-06	2.1541e-06	2.0016e-06	1.84134e-06	
4.59272e-07	6.29719e-07	7.97726e-07	9.62641e-07	1.12383e-06	1.28065e-06	1.43252e-06	1.57883e-06	1.71903e-06	1.85256e-06	1.97892e-06	2.0976e-06	2.20815e-06	2.31015e-06	2.40319e-06	2.48692e-06	2.56102e-06	2.62518e-06	2.67918e-06	2.72279e-06	2.75584e-06	2.77822e-06	2.78983e-06	2.79063e-06	2.78061e-06	2.75982e-06	2.72833e-06	2.68627e-06	2.63379e-06	2.57111e-06	2.49847e-06	2.41614e-06	2.32445e-06	2.22375e-06	2.11443e-06	1.99691e-06	1.87166e-06	1.73916e-06	1.59991e-06	
3.87136e-07	5.30811e-07	6.72429e-07	8.11442e-07	9.47309e-07	1.07951e-06	1.20752e-06	1.33085e-06	1.44903e-06	1.56158e-06	1.66809e-06	1.76813e-06	1.86132e-06	1.9473e-06	2.02573e-06	2.09631e-06	2.15876e-06	2.21285e-06	2.25837e-06	2.29513e-06	2.32299e-06	2.34185e-06	2.35164e-06	2.35231e-06	2.34387e-06	2.32634e-06	2.2998e-06	2.26434e-06	2.22011e-06	2.16727e-06	2.10604e-06	2.03664e-06	1.95935e-06	1.87447e-06	1.78232e-06	1.68326e-06	1.57768e-06	1.46599e-06	1.34862e-06	
3.12612e-07	4.2863e-07	5.42987e-07	6.55239e-07	7.64952e-07	8.71701e-07	9.75071e-07	1.07466e-06	1.17009e-06	1.26098e-06	1.34699e-06	1.42777e-06	1.50302e-06	1.57245e-06	1.63578e-06	1.69277e-06	1.7432e-06	1.78688e-06	1.82363e-06	1.85331e-06	1.87582e-06	1.89105e-06	1.89895e-06	1.89949e-06	1.89267e-06	1.87852e-06	1.85709e-06	1.82846e-06	1.79274e-06	1.75007e-06	1.70063e-06	1.64459e-06	1.58218e-06	1.51363e-06	1.43922e-06	1.35924e-06	1.27398e-06	1.18379e-06	1.08901e-06	
2.36161e-07	3.23806e-07	4.10197e-07	4.94997e-07	5.7788e-07	6.58522e-07	7.36613e-07	8.11848e-07	8.83938e-07	9.52601e-07	1.01757e-06	1.0786e-06	1.13545e-06	1.1879e-06	1.23574e-06	1.2788e-06	1.31689e-06	1.34989e-06	1.37765e-06	1.40008e-06	1.41708e-06	1.42858e-06	1.43455e-06	1.43496e-06	1.42981e-06	1.41912e-06	1.40293e-06	1.3813e-06	1.35432e-06	1.32208e-06	1.28473e-06	1.2424e-06	1.19525e-06	1.14347e-06	1.08725e-06	1.02683e-06	9.62423e-07	8.94287e-07	8.22686e-07	
1.58254e-07	2.16987e-07	2.74878e-07	3.31704e-07	3.87244e-07	4.41283e-07	4.93613e-07	5.44029e-07	5.92337e-07	6.38349e-07	6.81888e-07	7.22783e-07	7.60878e-07	7.96024e-07	8.28084e-07	8.56936e-07	8.82466e-07	9.04577e-07	9.23181e-07	9.38208e-07	9.49599e-07	9.5731e-07	9.6131e-07	9.61585e-07	9.58133e-07	9.50968e-07	9.40118e-07	9.25624e-07	9.07543e-07	8.85945e-07	8.60913e-07	8.32544e-07	8.00949e-07	7.6625e-07	7.28582e-07	6.8809e-07	6.44931e-07	5.99272e-07	5.51291e-07	
7.93719e-08	1.08829e-07	1.37864e-07	1.66365e-07	1.94221e-07	2.21324e-07	2.4757e-07	2.72856e-07	2.97084e-07	3.20162e-07	3.41998e-07	3.62509e-07	3.81615e-07	3.99243e-07	4.15323e-07	4.29793e-07	4.42598e-07	4.53687e-07	4.63018e-07	4.70555e-07	4.76268e-07	4.80135e-07	4.82141e-07	4.82279e-07	4.80548e-07	4.76954e-07	4.71513e-07	4.64243e-07	4.55175e-07	4.44342e-07	4.31787e-07	4.17559e-07	4.01713e-07	3.8431e-07	3.65417e-07	3.45109e-07	3.23463e-07	3.00563e-07	2.76498e-07	

3.45891e-12	4.74271e-12	6.00778e-12	7.2501e-12	8.46398e-12	9.64492e-12	1.07889e-11	1.18906e-11	1.29467e-11	1.39526e-11	1.49041e-11	1.57977e-11	1.66302e-11	1.73985e-11	1.80994e-11	1.87301e-11	1.92881e-11	1.97715e-11	2.01781e-11	2.05065e-11	2.07554e-11	2.09242e-11	2.10114e-11	2.10179e-11	2.09424e-11	2.07848e-11	2.05482e-11	2.02314e-11	1.98359e-11	1.9364e-11	1.88168e-11	1.81969e-11	1.75063e-11	1.67476e-11	1.59247e-11	1.50395e-11	1.40959e-11	1.30982e-11	1.20493e-11	
6.89657e-12	9.45602e-12	1.19792e-11	1.4455e-11	1.68758e-11	1.92312e-11	2.15112e-11	2.37083e-11	2.58129e-11	2.78175e-11	2.97163e-11	3.14991e-11	3.31584e-11	3.46901e-11	3.60875e-11	3.73439e-11	3.84573e-11	3.94205e-11	4.02311e-11	4.08863e-11	4.13828e-11	4.17183e-11	4.18929e-11	4.19049e-11	4.1754e-11	4.14423e-11	4.09695e-11	4.03372e-11	3.95504e-11	3.86088e-11	3.75184e-11	3.62819e-11	3.4905e-11	3.33927e-11	3.17502e-11	2.99861e-11	2.81058e-11	2.61155e-11	2.40248e-11	
1.02916e-11	1.41112e-11	1.78752e-11	2.15717e-11	2.51835e-11	2.86978e-11	3.2101e-11	3.53798e-11	3.85215e-11	4.15145e-11	4.43449e-11	4.70045e-11	4.94823e-11	5.17679e-11	5.38534e-11	5.57299e-11	5.73888e-11	5.88277e-11	6.00388e-11	6.10155e-11	6.17559e-11	6.2257e-11	6.25152e-11	6.25348e-11	6.23113e-11	6.18441e-11	6.1138e-11	6.01971e-11	5.90211e-11	5.76156e-11	5.59881e-11	5.41437e-11	5.20868e-11	4.9832e-11	4.73822e-11	4.47485e-11	4.19421e-11	3.89718e-11	3.58517e-11	
1.36231e-11	1.86794e-11	2.36634e-11	2.85541e-11	3.33352e-11	3.79878e-11	4.24933e-11	4.68342e-11	5.09911e-11	5.49507e-11	5.87015e-11	6.222e-11	6.54995e-11	6.85293e-11	7.1289e-11	7.3771e-11	7.5969e-11	7.78715e-11	7.94731e-11	8.07674e-11	8.17491e-11	8.24116e-11	8.27565e-11	8.27791e-11	8.24849e-11	8.18654e-11	8.09326e-11	7.96838e-11	7.81284e-11	7.62692e-11	7.41143e-11	7.16704e-11	6.89526e-11	6.59657e-11	6.27214e-11	5.92358e-11	5.55211e-11	5.15888e-11	4.746e-11	
1.68708e-11	2.31318e-11	2.93046e-11	3.53623e-11	4.12841e-11	4.70434e-11	5.2622e-11	5.79974e-11	6.31476e-11	6.80542e-11	7.26952e-11	7.70541e-11	8.11169e-11	8.48626e-11	8.82778e-11	9.1358e-11	9.40765e-11	9.6434e-11	9.8421e-11	1.00023e-10	1.01234e-10	1.02058e-10	1.02482e-10	1.02511e-10	1.02145e-10	1.01381e-10	1.00222e-10	9.86773e-11	9.67491e-11	9.44518e-11	9.17795e-11	8.8755e-11	8.53873e-11	8.16878e-11	7.76728e-11	7.33558e-11	6.8753e-11	6.38885e-11	5.87728e-11	
2.00147e-11	2.74432e-11	3.47639e-11	4.19504e-11	4.89748e-11	5.58096e-11	6.24301e-11	6.88045e-11	7.4917e-11	8.07336e-11	8.62408e-11	9.14127e-11	9.62308e-11	1.00674e-10	1.04733e-10	1.08377e-10	1.1161e-10	1.14406e-10	1.16757e-10	1.18662e-10	1.20097e-10	1.21075e-10	1.21583e-10	1.21614e-10	1.21176e-10	1.20274e-10	1.18902e-10	1.17067e-10	1.14783e-10	1.12045e-10	1.08883e-10	1.05293e-10	1.01297e-10	9.69069e-11	9.21485e-11	8.70231e-11	8.15668e-11	7.57934e-11	6.9722e-11	
2.30348e-11	3.15825e-11	4.00094e-11	4.82817e-11	5.63684e-11	6.42322e-11	7.18472e-11	7.91887e-11	8.62206e-11	9.2911e-11	9.92548e-11	1.0521e-10	1.1075e-10	1.15873e-10	1.20535e-10	1.24736e-10	1.28452e-10	1.31668e-10	1.34378e-10	1.36562e-10	1.38222e-10	1.39346e-10	1.39928e-10	1.39971e-10	1.39462e-10	1.38422e-10	1.36845e-10	1.3473e-10	1.32102e-10	1.28959e-10	1.25315e-10	1.21186e-10	1.1659e-10	1.11533e-10	1.06057e-10	1.00157e-10	9.38778e-11	8.72271e-11	8.02474e-11	
2.59129e-11	3.55302e-11	4.50098e-11	5.43159e-11	6.34086e-11	7.22582e-11	8.08249e-11	8.90839e-11	9.69946e-11	1.04529e-10	1.11655e-10	1.18353e-10	1.24595e-10	1.30346e-10	1.35602e-10	1.4032e-10	1.44498e-10	1.48123e-10	1.51169e-10	1.53634e-10	1.55493e-10	1.56757e-10	1.57409e-10	1.57458e-10	1.56894e-10	1.55718e-10	1.53944e-10	1.51572e-10	1.48606e-10	1.45072e-10	1.40967e-10	1.36329e-10	1.31155e-10	1.25471e-10	1.19303e-10	1.1267e-10	1.05605e-10	9.81306e-11	9.02722e-11	
2.86314e-11	3.92558e-11	4.97324e-11	6.00138e-11	7.00613e-11	7.98381e-11	8.93057e-11	9.84313e-11	1.07168e-10	1.15493e-10	1.23374e-10	1.30767e-10	1.37658e-10	1.44019e-10	1.4982e-10	1.55038e-10	1.59662e-10	1.63661e-10	1.67026e-10	1.69742e-10	1.7181e-10	1.73201e-10	1.73923e-10	1.73969e-10	1.7335e-10	1.72057e-10	1.70089e-10	1.67472e-10	1.64195e-10	1.60289e-10	1.55763e-10	1.50625e-10	1.4491e-10	1.38632e-10	1.31823e-10	1.24493e-10	1.16686e-10	1.08427e-10	9.97402e-11	
3.11728e-11	4.27435e-11	5.41485e-11	6.53404e-11	7.62808e-11	8.69256e-11	9.72378e-11	1.07164e-10	1.16682e-10	1.2575e-10	1.34321e-10	1.42372e-10	1.49883e-10	1.56801e-10	1.63115e-10	1.68799e-10	1.73835e-10	1.78185e-10	1.81852e-10	1.84819e-10	1.87047e-10	1.88574e-10	1.89357e-10	1.89422e-10	1.88739e-10	1.87331e-10	1.85195e-10	1.82326e-10	1.78773e-10	1.7452e-10	1.69586e-10	1.64004e-10	1.57773e-10	1.5094e-10	1.43523e-10	1.35541e-10	1.27045e-10	1.18046e-10	1.08597e-10	
3.35235e-11	4.59631e-11	5.8227e-11	7.02658e-11	8.20335e-11	9.34766e-11	1.04566e-10	1.15242e-10	1.2548e-10	1.3522e-10	1.44447e-10	1.53113e-10	1.61181e-10	1.68627e-10	1.75425e-10	1.81529e-10	1.86943e-10	1.91619e-10	1.95572e-10	1.98741e-10	2.01164e-10	2.02793e-10	2.03639e-10	2.03698e-10	2.0297e-10	2.01444e-10	1.99148e-10	1.96086e-10	1.92243e-10	1.87672e-10	1.82372e-10	1.76358e-10	1.69665e-10	1.62318e-10	1.54334e-10	1.45762e-10	1.36617e-10	1.26945e-10	1.1678e-10	
3.5666e-11	4.89048e-11	6.19509e-11	7.47573e-11	8.72769e-11	9.94538e-11	1.11247e-10	1.22609e-10	1.33498e-10	1.43869e-10	1.53682e-10	1.62903e-10	1.71478e-10	1.79401e-10	1.86634e-10	1.93134e-10	1.98884e-10	2.03861e-10	2.08056e-10	2.11454e-10	2.1401e-10	2.15751e-10	2.16663e-10	2.16711e-10	2.15938e-10	2.14325e-10	2.11877e-10	2.08614e-10	2.04538e-10	1.99671e-10	1.94033e-10	1.87638e-10	1.8052e-10	1.72687e-10	1.64208e-10	1.5508e-10	1.45346e-10	1.35063e-10	1.24249e-10	
3.75896e-11	5.15412e-11	6.52918e-11	7.87836e-11	9.19851e-11	1.04815e-10	1.17238e-10	1.29229e-10	1.4069e-10	1.51624e-10	1.61975e-10	1.7168e-10	1.80731e-10	1.89079e-10	1.96686e-10	2.03551e-10	2.09607e-10	2.14866e-10	2.19289e-10	2.22848e-10	2.25563e-10	2.27382e-10	2.28335e-10	2.28406e-10	2.27587e-10	2.25885e-10	2.23305e-10	2.19868e-10	2.15563e-10	2.10439e-10	2.04491e-10	1.97754e-10	1.9025e-10	1.82002e-10	1.73063e-10	1.63439e-10	1.53196e-10	1.42349e-10	1.30946e-10	
3.928e-11	5.386e-11	6.82296e-11	8.23406e-11	9.61236e-11	1.09536e-10	1.22522e-10	1.3504e-10	1.47028e-10	1.58446e-10	1.6925e-10	1.7941e-10	1.88847e-10	1.97601e-10	2.05544e-10	2.12705e-10	2.19043e-10	2.2453e-10	2.29139e-10	2.32875e-10	2.35695e-10	2.37621e-10	2.38605e-10	2.38684e-10	2.37815e-10	2.36044e-10	2.33345e-10	2.29755e-10	2.25275e-10	2.19917e-10	2.13697e-10	2.06664e-10	1.98806e-10	1.90211e-10	1.80841e-10	1.70798e-10	1.60079e-10	1.48754e-10	1.3684e-10	
4.07311e-11	5.58482e-11	7.07472e-11	8.53677e-11	9.96723e-11	1.13573e-10	1.2704e-10	1.40018e-10	1.52446e-10	1.64288e-10	1.75499e-10	1.86025e-10	1.95835e-10	2.04871e-10	2.13125e-10	2.20554e-10	2.27113e-10	2.32813e-10	2.37611e-10	2.41463e-10	2.44412e-10	2.46375e-10	2.4741e-10	2.4748e-10	2.46605e-10	2.44757e-10	2.41962e-10	2.38233e-10	2.33572e-10	2.2802e-10	2.21581e-10	2.14264e-10	2.06144e-10	1.97216e-10	1.87521e-10	1.77093e-10	1.65989e-10	1.54241e-10	1.41886e-10	
4.19299e-11	5.74902e-11	7.28289e-11	8.78826e-11	1.026e-10	1.16914e-10	1.30776e-10	1.44138e-10	1.56939e-10	1.69124e-10	1.80663e-10	1.91497e-10	2.01589e-10	2.10905e-10	2.19393e-10	2.2705e-10	2.338e-10	2.39667e-10	2.4459e-10	2.48586e-10	2.51582e-10	2.53637e-10	2.54697e-10	2.5477e-10	2.53858e-10	2.51952e-10	2.49075e-10	2.45245e-10	2.40464e-10	2.34729e-10	2.28099e-10	2.20582e-10	2.12206e-10	2.03025e-10	1.93037e-10	1.82313e-10	1.70874e-10	1.58774e-10	1.46069e-10	
4.28688e-11	5.87757e-11	7.44644e-11	8.98495e-11	1.04907e-10	1.19537e-10	1.33713e-10	1.47368e-10	1.60453e-10	1.72905e-10	1.84715e-10	1.95787e-10	2.06115e-10	2.15625e-10	2.24323e-10	2.32132e-10	2.39046e-10	2.45042e-10	2.50066e-10	2.54142e-10	2.57237e-10	2.59325e-10	2.60403e-10	2.60492e-10	2.59533e-10	2.57594e-10	2.54665e-10	2.5076e-10	2.45828e-10	2.39999e-10	2.33209e-10	2.25532e-10	2.16965e-10	2.07573e-10	1.97359e-10	1.86391e-10	1.74706e-10	1.62331e-10	1.49335e-10	
4.35431e-11	5.97062e-11	7.56297e-11	9.12688e-11	1.06553e-10	1.21424e-10	1.35815e-10	1.49691e-10	1.62976e-10	1.75642e-10	1.87618e-10	1.98869e-10	2.09363e-10	2.19018e-10	2.27839e-10	2.35793e-10	2.42825e-10	2.48883e-10	2.54005e-10	2.58164e-10	2.61282e-10	2.6339e-10	2.645e-10	2.64579e-10	2.63645e-10	2.61668e-10	2.58676e-10	2.54682e-10	2.49711e-10	2.43769e-10	2.36897e-10	2.29078e-10	2.20385e-10	2.10842e-10	2.00486e-10	1.89319e-10	1.77458e-10	1.64891e-10	1.51692e-10	
4.39506e-11	6.02642e-11	7.63389e-11	9.21219e-11	1.0755e-10	1.22549e-10	1.3709e-10	1.51087e-10	1.64503e-10	1.77272e-10	1.89384e-10	2.00735e-10	2.11314e-10	2.2108e-10	2.29963e-10	2.37989e-10	2.45094e-10	2.51221e-10	2.56395e-10	2.60549e-10	2.63714e-10	2.6588e-10	2.66978e-10	2.67045e-10	2.66084e-10	2.64114e-10	2.61099e-10	2.57073e-10	2.52059e-10	2.46054e-10	2.39081e-10	2.31225e-10	2.22444e-10	2.12805e-10	2.02341e-10	1.91097e-10	1.79115e-10	1.6644e-10	1.5311e-10	
4.40858e-11	6.04494e-11	7.65783e-11	9.24052e-11	1.0788e-10	1.22935e-10	1.3751e-10	1.51566e-10	1.65005e-10	1.77821e-10	1.89969e-10	2.01366e-10	2.11964e-10	2.21751e-10	2.30698e-10	2.3873e-10	2.45839e-10	2.52003e-10	2.5719e-10	2.61384e-10	2.6453e-10	2.66692e-10	2.67796e-10	2.67896e-10	2.6693e-10	2.64935e-10	2.61885e-10	2.57872e-10	2.52825e-10	2.468e-10	2.39837e-10	2.31947e-10	2.23139e-10	2.13459e-10	2.02972e-10	1.91691e-10	1.79664e-10	1.66946e-10	1.53582e-10	
4.39511e-11	6.02627e-11	7.63385e-11	9.21299e-11	1.07544e-10	1.22556e-10	1.37079e-10	1.51097e-10	1.64494e-10	1.7729e-10	1.89376e-10	2.00728e-10	2.11311e-10	2.21076e-10	2.29971e-10	2.37986e-10	2.4507e-10	2.51227e-10	2.56405e-10	2.60533e-10	2.63714e-10	2.65876e-10	2.66997e-10	2.6705e-10	2.66098e-10	2.64102e-10	2.61101e-10	2.57073e-10	2.52047e-10	2.46041e-10	2.39099e-10	2.31209e-10	2.22451e-10	2.12803e-10	2.02357e-10	1.911e-10	1.79119e-10	1.66435e-10	1.53102e-10	
4.35429e-11	5.97069e-11	7.56333e-11	9.12692e-11	1.06558e-10	1.21415e-10	1.35821e-10	1.49701e-10	1.62976e-10	1.7563e-10	1.87623e-10	1.98872e-10	2.09358e-10	2.19012e-10	2.27852e-10	2.35799e-10	2.42814e-10	2.48898e-10	2.54014e-10	2.58146e-10	2.61306e-10	2.63418e-10	2.64514e-10	2.64597e-10	2.63642e-10	2.61666e-10	2.58694e-10	2.54683e-10	2.49736e-10	2.43766e-10	2.36893e-10	2.29081e-10	2.20384e-10	2.10838e-10	2.00474e-10	1.89342e-10	1.77457e-10	1.64881e-10	1.51688e-10	
4.28713e-11	5.87805e-11	7.44551e-11	8.98508e-11	1.04898e-10	1.19538e-10	1.33715e-10	1.47364e-10	1.60459e-10	1.72911e-10	1.84716e-10	1.95781e-10	2.06112e-10	2.15628e-10	2.24315e-10	2.32134e-10	2.39048e-10	2.45048e-10	2.50076e-10	2.54145e-10	2.57243e-10	2.59339e-10	2.604e-10	2.6049e-10	2.59536e-10	2.57616e-10	2.54666e-10	2.50752e-10	2.4585e-10	2.39991e-10	2.33223e-10	2.25523e-10	2.16986e-10	2.07557e-10	1.97369e-10	1.86403e-10	1.74694e-10	1.62361e-10	1.49336e-10	
4.19298e-11	5.74869e-11	7.28351e-11	8.7887e-11	1.02609e-10	1.16908e-10	1.30786e-10	1.44134e-10	1.56923e-10	1.69134e-10	1.80661e-10	1.91495e-10	2.01597e-10	2.10898e-10	2.19401e-10	2.27045e-10	2.33804e-10	2.39657e-10	2.44604e-10	2.48592e-10	2.51593e-10	2.53641e-10	2.54724e-10	2.54778e-10	2.53872e-10	2.5196e-10	2.49095e-10	2.45246e-10	2.40453e-10	2.34733e-10	2.28107e-10	2.20584e-10	2.12189e-10	2.03039e-10	1.93022e-10	1.82322e-10	1.70874e-10	1.58781e-10	1.46065e-10	
4.07312e-11	5.58491e-11	7.07443e-11	8.53788e-11	9.96687e-11	1.13579e-10	1.27042e-10	1.40018e-10	1.52454e-10	1.64302e-10	1.75493e-10	1.86029e-10	1.9585e-10	2.04871e-10	2.13143e-10	2.20549e-10	2.27121e-10	2.32829e-10	2.37602e-10	2.41496e-10	2.44404e-10	2.46414e-10	2.47427e-10	2.47498e-10	2.46601e-10	2.4477e-10	2.41981e-10	2.38236e-10	2.3357e-10	2.28029e-10	2.21581e-10	2.14287e-10	2.06143e-10	1.97215e-10	1.87546e-10	1.77085e-10	1.65997e-10	1.54242e-10	1.41894e-10	
3.92795e-11	5.38729e-11	6.82299e-11	8.23333e-11	9.61258e-11	1.09542e-10	1.22522e-10	1.35049e-10	1.47029e-10	1.58451e-10	1.69265e-10	1.79412e-10	1.8888e-10	1.97584e-10	2.05567e-10	2.1269e-10	2.19062e-10	2.24556e-10	2.29155e-10	2.32893e-10	2.35728e-10	2.37613e-10	2.38622e-10	2.38693e-10	2.37845e-10	2.36088e-10	2.33353e-10	2.29775e-10	2.25295e-10	2.19904e-10	2.13726e-10	2.06668e-10	1.98821e-10	1.90212e-10	1.80865e-10	1.70813e-10	1.6008e-10	1.48754e-10	1.36843e-10	
3.75908e-11	5.15383e-11	6.52953e-11	7.87868e-11	9.19815e-11	1.04825e-10	1.1725e-10	1.2921e-10	1.40709e-10	1.5161e-10	1.6197e-10	1.71672e-10	1.80716e-10	1.89097e-10	1.96696e-10	2.0357e-10	2.09635e-10	2.14882e-10	2.19305e-10	2.22865e-10	2.25564e-10	2.27418e-10	2.28345e-10	2.28427e-10	2.27603e-10	2.25924e-10	2.233e-10	2.19856e-10	2.15596e-10	2.10438e-10	2.045e-10	1.97758e-10	1.90271e-10	1.82045e-10	1.73058e-10	1.63443e-10	1.53204e-10	1.42368e-10	1.30944e-10	
3.56657e-11	4.89035e-11	6.19567e-11	7.4766e-11	8.72822e-11	9.94653e-11	1.11235e-10	1.22611e-10	1.33502e-10	1.43862e-10	1.53694e-10	1.6289e-10	1.71504e-10	1.79405e-10	1.86633e-10	1.93177e-10	1.98884e-10	2.0386e-10	2.08097e-10	2.11458e-10	2.14024e-10	2.15769e-10	2.16675e-10	2.16721e-10	2.15939e-10	2.14316e-10	2.11905e-10	2.08622e-10	2.04569e-10	1.99678e-10	1.9403e-10	1.8764e-10	1.80545e-10	1.72692e-10	1.64206e-10	1.5508e-10	1.45363e-10	1.35062e-10	1.2426e-10	
3.35265e-11	4.59743e-11	5.82414e-11	7.027e-11	8.20259e-11	9.34754e-11	1.04563e-10	1.15261e-10	1.25459e-10	1.35232e-10	1.44462e-10	1.53133e-10	1.61169e-10	1.68642e-10	1.75449e-10	1.81558e-10	1.86974e-10	1.91651e-10	1.9557e-10	1.98751e-10	2.01153e-10	2.02814e-10	2.03652e-10	2.03727e-10	2.03006e-10	2.01466e-10	1.99174e-10	1.96104e-10	1.92264e-10	1.87708e-10	1.82384e-10	1.76378e-10	1.69679e-10	1.62322e-10	1.54365e-10	1.45766e-10	1.36639e-10	1.26953e-10	1.16799e-10	
3.11724e-11	4.27534e-11	5.41451e-11	6.5346e-11	7.62927e-11	8.69065e-11	9.72662e-11	1.07155e-10	1.16694e-10	1.25736e-10	1.34323e-10	1.42427e-10	1.49907e-10	1.56835e-10	1.63119e-10	1.68818e-10	1.73831e-10	1.78183e-10	1.81881e-10	1.84826e-10	1.87061e-10	1.88589e-10	1.8937e-10	1.89424e-10	1.88731e-10	1.87349e-10	1.85214e-10	1.82332e-10	1.78787e-10	1.74534e-10	1.69589e-10	1.63984e-10	1.57801e-10	1.50946e-10	1.43515e-10	1.35559e-10	1.27047e-10	1.1805e-10	1.08596e-10	
2.86295e-11	3.92637e-11	4.97415e-11	6.00089e-11	7.00719e-11	7.98117e-11	8.93046e-11	9.84262e-11	1.07187e-10	1.155e-10	1.23382e-10	1.30767e-10	1.37668e-10	1.44009e-10	1.49857e-10	1.55033e-10	1.5968e-10	1.63677e-10	1.6702e-10	1.69763e-10	1.71834e-10	1.73213e-10	1.73937e-10	1.73976e-10	1.73351e-10	1.72047e-10	1.70093e-10	1.6745e-10	1.64217e-10	1.60288e-10	1.55783e-10	1.50642e-10	1.44897e-10	1.3865e-10	1.31839e-10	1.24516e-10	1.16691e-10	1.08425e-10	9.97495e-11	
2.59153e-11	3.55351e-11	4.50031e-11	5.43174e-11	6.34017e-11	7.22586e-11	8.08384e-11	8.90878e-11	9.69695e-11	1.04496e-10	1.11648e-10	1.18341e-10	1.24597e-10	1.30346e-10	1.35582e-10	1.40329e-10	1.44489e-10	1.4812e-10	1.51168e-10	1.53623e-10	1.55449e-10	1.56763e-10	1.5741e-10	1.57435e-10	1.56902e-10	1.55712e-10	1.53925e-10	1.51566e-10	1.4861e-10	1.45057e-10	1.40943e-10	1.36328e-10	1.31131e-10	1.25489e-10	1.19293e-10	1.12681e-10	1.0562e-10	9.81153e-11	9.02762e-11	
2.30314e-11	3.1589e-11	4.00089e-11	4.82796e-11	5.63691e-11	6.42348e-11	7.18465e-11	7.92113e-11	8.61959e-11	9.29177e-11	9.92344e-11	1.05235e-10	1.10735e-10	1.15879e-10	1.20512e-10	1.24707e-10	1.28463e-10	1.31635e-10	1.3436e-10	1.36559e-10	1.38204e-10	1.39323e-10	1.39913e-10	1.39956e-10	1.39437e-10	1.38431e-10	1.36819e-10	1.3473e-10	1.3209e-10	1.28956e-10	1.25276e-10	1.21165e-10	1.16554e-10	1.11534e-10	1.06063e-10	1.0011e-10	9.38396e-11	8.72475e-11	8.02398e-11	
2.00195e-11	2.74634e-11	3.47669e-11	4.19451e-11	4.90097e-11	5.57971e-11	6.24478e-11	6.88054e-11	7.48841e-11	8.07319e-11	8.62528e-11	9.14007e-11	9.62608e-11	1.00687e-10	1.04734e-10	1.084e-10	1.11626e-10	1.14408e-10	1.16788e-10	1.18682e-10	1.20096e-10	1.21084e-10	1.21592e-10	1.21609e-10	1.21226e-10	1.20231e-10	1.18952e-10	1.1708e-10	1.14792e-10	1.12077e-10	1.08894e-10	1.05306e-10	1.01327e-10	9.69251e-11	9.21361e-11	8.70557e-11	8.15596e-11	7.57741e-11	6.97202e-11	
1.68656e-11	2.3137e-11	2.92832e-11	3.53744e-11	4.1263e-11	4.70521e-11	5.26299e-11	5.80229e-11	6.31566e-11	6.80807e-11	7.26814e-11	7.70299e-11	8.1112e-11	8.48779e-11	8.82459e-11	9.13829e-11	9.4051e-11	9.64455e-11	9.8396e-11	9.99982e-11	1.0122e-10	1.02101e-10	1.02464e-10	1.02524e-10	1.02126e-10	1.01419e-10	1.00226e-10	9.86624e-11	9.67404e-11	9.4456e-11	9.17559e-11	8.87432e-11	8.53824e-11	8.16911e-11	7.76907e-11	7.33458e-11	6.8777e-11	6.38956e-11	5.87725e-11	
1.36247e-11	1.87086e-11	2.36859e-11	2.8523e-11	3.33671e-11	3.7975e-11	4.24869e-11	4.68354e-11	5.09921e-11	5.49356e-11	5.87264e-11	6.22258e-11	6.55014e-11	6.8539e-11	7.13207e-11	7.37721e-11	7.59677e-11	7.79004e-11	7.94849e-11	8.07887e-11	8.17941e-11	8.2391e-11	8.27391e-11	8.27889e-11	8.24727e-11	8.18972e-11	8.09379e-11	7.9698e-11	7.81384e-11	7.62839e-11	7.41203e-11	7.16547e-11	6.89653e-11	6.59703e-11	6.27196e-11	5.92593e-11	5.55183e-11	5.16032e-11	4.74714e-11	
1.02993e-11	1.41185e-11	1.78826e-11	2.15792e-11	2.51674e-11	2.87095e-11	3.20952e-11	3.53886e-11	3.84901e-11	4.15525e-11	4.43414e-11	4.70379e-11	4.95213e-11	5.17559e-11	5.3884e-11	5.57563e-11	5.73976e-11	5.88507e-11	6.00267e-11	6.10605e-11	6.17675e-11	6.22649e-11	6.25171e-11	6.25491e-11	6.23324e-11	6.18705e-11	6.11635e-11	6.01972e-11	5.90035e-11	5.76534e-11	5.59801e-11	5.41611e-11	5.21112e-11	4.98481e-11	4.73825e-11	4.47606e-11	4.19469e-11	3.90123e-11	3.58398e-11	
6.90648e-12	9.46443e-12	1.19798e-11	1.44951e-11	1.68896e-11	1.92166e-11	2.15152e-11	2.36717e-11	2.58282e-11	2.78106e-11	2.97256e-11	3.14913e-11	3.31752e-11	3.47029e-11	3.60778e-11	3.73319e-11	3.84688e-11	3.9396e-11	4.02451e-11	4.08846e-11	4.13856e-11	4.17302e-11	4.19007e-11	4.1922e-11	4.17621e-11	4.14282e-11	4.09806e-11	4.03446e-11	3.95914e-11	3.8586e-11	3.75309e-11	3.63016e-11	3.4877e-11	3.33884e-11	3.1747e-11	3.00098e-11	2.8102e-11	2.6116e-11	2.40234e-11	
3.43192e-12	4.78195e-12	5.99698e-12	7.25819e-12	8.47322e-12	9.67404e-12	1.07683e-11	1.19051e-11	1.29603e-11	1.39835e-11	1.48788e-11	1.57883e-11	1.65983e-11	1.74118e-11	1.81331e-11	1.87548e-11	1.93161e-11	1.97602e-11	2.01794e-11	2.04992e-11	2.07976e-11	2.09148e-11	2.10285e-11	2.10356e-11	2.09504e-11	2.07976e-11	2.05667e-11	2.02469e-11	1.98312e-11	1.93765e-11	1.88507e-11	1.81615e-11	1.75397e-11	1.68008e-11	1.5941e-11	1.50848e-11	1.41078e-11	1.31095e-11	1.20721e-11	

