0	0.00664275	0.0135276	0.0209009	0.0290179	0.0381466	0.0485725	0.0606021	0.074568	0.090832	0.10979	0.131875	0.157562	0.187374	0.221883	0.261719	0.307576	0.360216	0.420486	0.489327	0.567792	0.65707	0.75852	0.873711	1.00449	1.15305	1.32209	1.51492	1.73577	1.9901	2.28518	2.63093	3.04121	3.53613	4.14586	4.91785	5.93097	7.32598	9.37781	12.6872	30	
0	0.0106284	0.0216441	0.0334415	0.0464287	0.0610346	0.0777159	0.0969634	0.119309	0.145331	0.175664	0.211	0.2521	0.299799	0.355013	0.418751	0.492121	0.576346	0.672778	0.782924	0.908468	1.05131	1.21363	1.39794	1.60718	1.84489	2.11534	2.42387	2.77723	3.18416	3.6563	4.20949	4.86594	5.6578	6.63337	7.86856	9.48956	11.7216	15.0045	20.2995	30	
0	0.0145461	0.0296219	0.0457666	0.0635384	0.0835237	0.106347	0.132678	0.163243	0.198834	0.240314	0.288629	0.344816	0.410011	0.485463	0.57254	0.672748	0.787743	0.919358	1.06962	1.24081	1.43546	1.6565	1.90727	2.19167	2.51435	2.88094	3.29834	3.77526	4.32287	4.95579	5.69368	6.56351	7.60327	8.86791	10.4392	12.4418	15.0698	18.6215	23.5076	30	
0	0.0183714	0.0374111	0.0577992	0.0802395	0.105472	0.134282	0.167515	0.206085	0.250987	0.303308	0.364234	0.435068	0.517233	0.61229	0.721949	0.848087	0.992763	1.15825	1.34705	1.56195	1.80609	2.083	2.39671	2.75192	3.15414	3.60998	4.12746	4.71653	5.38975	6.16326	7.05814	8.10247	9.33413	10.8049	12.5861	14.775	17.4992	20.9073	25.1111	30	
0	0.0220818	0.0449656	0.0694675	0.0964319	0.126746	0.161351	0.20126	0.247568	0.301463	0.364244	0.437328	0.522266	0.62075	0.734636	0.865949	1.0169	1.18993	1.38768	1.61309	1.8694	2.16021	2.48956	2.86205	3.28293	3.75831	4.29542	4.90289	5.59124	6.37343	7.26569	8.28858	9.46839	10.8388	12.4431	14.3353	16.581	19.2507	22.4016	26.0316	30	
0	0.0256564	0.0522429	0.0807058	0.112024	0.147225	0.1874	0.23372	0.287451	0.349967	0.422764	0.507475	0.605882	0.719932	0.851745	1.00363	1.17812	1.37796	1.60615	1.86598	2.16105	2.49536	2.87333	3.29994	3.78082	4.32242	4.93222	5.61903	6.39329	7.26759	8.25718	9.3807	10.6609	12.1254	13.807	15.743	17.9726	20.5284	23.4218	26.6164	30	
0	0.0290766	0.0592051	0.0914556	0.126934	0.166802	0.212292	0.264724	0.325524	0.396239	0.478552	0.574295	0.685464	0.814233	0.962969	1.13424	1.33084	1.5558	1.81242	2.10426	2.43524	2.80963	3.23213	3.70795	4.2429	4.84354	5.51732	6.27282	7.11998	8.07039	9.13767	10.3378	11.6892	13.2131	14.9325	16.8711	19.0491	21.4773	24.1465	27.015	30	
0	0.0323264	0.0658194	0.101666	0.141093	0.185385	0.235908	0.294123	0.361605	0.44006	0.531343	0.63747	0.760631	0.903207	1.06778	1.25715	1.47434	1.72263	2.00553	2.32687	2.69077	3.1017	3.56452	4.08454	4.6676	5.32017	6.04945	6.8635	7.77143	8.78353	9.91141	11.1681	12.5678	14.1258	15.8573	17.7754	19.8884	22.195	24.6784	27.3005	30	
0	0.035392	0.0720581	0.111294	0.154439	0.202896	0.258151	0.321796	0.395544	0.48125	0.580923	0.696745	0.831083	0.986503	1.16578	1.3719	1.6081	1.87783	2.18483	2.53308	2.92686	3.37075	3.86968	4.42897	5.05435	5.75205	6.52884	7.39211	8.34997	9.41121	10.5854	11.8827	13.3136	14.8883	16.6158	18.5022	20.5483	22.7469	25.0791	27.5121	30	
0	0.0382623	0.0778986	0.120306	0.166927	0.219272	0.278942	0.347647	0.427227	0.519669	0.627126	0.751928	0.896598	1.06386	1.25666	1.47816	1.73175	2.02104	2.34992	2.72248	3.14312	3.61646	4.14742	4.74124	5.40344	6.13992	6.95693	7.86109	8.85942	9.95926	11.1682	12.4938	13.9434	15.5232	17.2378	19.0884	21.0716	23.1772	25.3869	27.6731	30	
0	0.0409289	0.0833236	0.128674	0.178519	0.234467	0.298223	0.371604	0.456566	0.555218	0.669836	0.802886	0.957026	1.13513	1.34027	1.57575	1.8451	2.15207	2.50063	2.89497	3.33953	3.83893	4.39803	5.02191	5.71584	6.48532	7.33603	8.2738	9.30458	10.4343	11.6689	13.0136	14.4732	16.051	17.7481	19.5629	21.4894	23.5165	25.6271	27.7978	30	
0	0.0433855	0.0883205	0.13638	0.189189	0.248447	0.315952	0.393619	0.483507	0.587831	0.708982	0.84954	1.01228	1.20021	1.4165	1.66459	1.94811	2.2709	2.63701	3.05069	3.51635	4.0386	4.62219	5.272	5.99303	6.79033	7.66901	8.63415	9.6907	10.8434	12.0965	13.4536	14.9173	16.4888	18.1669	19.948	21.8249	23.7863	25.8165	27.8956	30	
0	0.0456281	0.0928815	0.143412	0.198922	0.261194	0.332106	0.413665	0.508019	0.617478	0.744532	0.891863	1.06235	1.25909	1.48538	1.74474	2.04087	2.37769	2.7593	3.18997	3.67408	4.21619	4.82089	5.49288	6.23683	7.05739	7.9591	8.94634	10.0232	11.1932	12.4595	13.8242	15.2883	16.8512	18.5105	20.2612	22.0954	24.0022	25.9672	27.9731	30	
0	0.0476547	0.0970025	0.149764	0.207711	0.272697	0.346677	0.431734	0.530095	0.644156	0.77649	0.929867	1.10726	1.31184	1.54699	1.8163	2.12354	2.47269	2.86786	3.31331	3.8134	4.37259	4.99533	5.6861	6.44928	7.28911	8.20964	9.21459	10.3072	11.4903	12.7658	14.1347	15.5968	17.1504	18.792	20.5158	22.3138	24.1755	26.0876	28.0348	30	
0	0.0494651	0.100683	0.155435	0.215555	0.28296	0.359669	0.447833	0.54975	0.667886	0.804889	0.963603	1.14707	1.35854	1.60145	1.87947	2.1964	2.55625	2.96314	3.42132	3.9351	4.50883	5.14683	5.85335	6.6325	7.48817	8.42393	9.44294	10.5479	11.7406	13.0224	14.3932	15.8521	17.3964	19.0219	20.7225	22.4902	24.3147	26.1839	28.0841	30	
0	0.0510603	0.103926	0.16043	0.222462	0.291991	0.371095	0.461982	0.567011	0.688708	0.829784	0.993144	1.18189	1.39933	1.64897	1.93449	2.25975	2.62877	3.04567	3.51467	4.04002	4.62598	5.27673	5.99633	6.78861	7.65714	8.60511	9.63521	10.7495	11.9494	13.2353	14.6066	16.0617	17.5972	19.2087	20.8896	22.6321	24.4263	26.2609	28.1234	30	
0	0.0524427	0.106735	0.164757	0.228441	0.299806	0.380978	0.474212	0.581919	0.706676	0.851247	1.01859	1.21185	1.43438	1.68973	1.98162	2.31393	2.69068	3.116	3.59405	4.12905	4.72515	5.3864	6.11668	6.9196	7.79847	8.75611	9.79482	10.9163	12.1213	13.4098	14.7808	16.2319	17.7596	19.359	21.0235	22.7454	24.5151	26.3221	28.1546	30	
0	0.0536152	0.109118	0.168425	0.233509	0.306427	0.389344	0.484559	0.594521	0.721853	0.869358	1.04003	1.23707	1.46386	1.72397	2.02115	2.3593	2.74244	3.17468	3.66016	4.20303	4.80737	5.47709	6.21594	7.02735	7.91435	8.87952	9.92483	11.0516	12.2602	13.5504	14.9205	16.3679	17.8889	19.4782	21.1294	22.8347	24.585	26.3701	28.179	30	
0	0.0545814	0.111081	0.171447	0.237682	0.311875	0.396225	0.493062	0.604871	0.734305	0.884203	1.05759	1.2577	1.48794	1.7519	2.05335	2.3962	2.78447	3.22225	3.71365	4.26276	4.8736	5.54998	6.29552	7.11349	8.00674	8.97762	10.0279	11.1585	12.3696	13.6606	15.0297	16.4739	17.9893	19.5705	21.2111	22.9034	24.6386	26.4069	28.1977	30	
0	0.0553451	0.112632	0.173833	0.240977	0.316175	0.401652	0.499764	0.61302	0.744101	0.895869	1.07138	1.27387	1.50679	1.77373	2.07849	2.42496	2.81717	3.25918	3.75509	4.30895	4.9247	5.60609	6.35663	7.17946	8.0773	9.05233	10.1061	11.2394	12.4522	13.7436	15.1116	16.5531	18.0641	19.6391	21.2717	22.9543	24.6782	26.434	28.2115	30	
0	0.05591	0.11378	0.175598	0.243411	0.31935	0.405655	0.504703	0.619019	0.751304	0.904436	1.08148	1.28571	1.52056	1.78967	2.09679	2.44586	2.84088	3.2859	3.78501	4.34221	4.96139	5.64627	6.40025	7.22642	8.12737	9.10516	10.1612	11.2962	12.51	13.8015	15.1685	16.6081	18.1158	19.6864	21.3133	22.9891	24.7053	26.4526	28.221	30	
0	0.0562799	0.114531	0.176752	0.245002	0.321422	0.408264	0.507916	0.622915	0.755971	0.909974	1.088	1.29333	1.5294	1.79985	2.10846	2.45914	2.85589	3.30276	3.80381	4.36302	4.98426	5.67119	6.42719	7.25526	8.15797	9.13729	10.1946	11.3304	12.5446	13.8359	15.2022	16.6404	18.1461	19.7139	21.3375	23.0093	24.721	26.4633	28.2264	30	
0	0.056458	0.114892	0.177306	0.245763	0.32241	0.409503	0.509435	0.624747	0.758152	0.912546	1.09101	1.29681	1.53341	1.80444	2.11366	2.465	2.86243	3.31002	3.8118	4.37175	4.99371	5.68133	6.43797	7.26662	8.1698	9.14947	10.207	11.3429	12.5569	13.8479	15.2137	16.6512	18.156	19.7228	21.3451	23.0156	24.7258	26.4665	28.228	30	
0	0.0564471	0.114869	0.177269	0.245707	0.322331	0.409394	0.509286	0.624547	0.757888	0.912199	1.09056	1.29623	1.53268	1.80351	2.1125	2.46355	2.86066	3.30786	3.80919	4.36863	4.99001	5.67699	6.43293	7.26083	8.16322	9.14211	10.1988	11.334	12.5474	13.8379	15.2034	16.6408	18.1459	19.7132	21.3364	23.0081	24.7198	26.4624	28.2259	30	
0	0.0562496	0.114467	0.176647	0.244845	0.321198	0.407953	0.50749	0.622341	0.755208	0.908969	1.0867	1.29164	1.52725	1.79713	2.10504	2.45489	2.85065	3.29637	3.79607	4.35375	4.97326	5.65826	6.41215	7.23797	8.1383	9.11521	10.1701	11.3037	12.516	13.8058	15.1711	16.6091	18.1154	19.6849	21.3111	22.9866	24.703	26.4508	28.22	30	
0	0.0558673	0.113689	0.175448	0.243184	0.319021	0.405192	0.504062	0.618146	0.75013	0.902878	1.07944	1.28306	1.51715	1.78533	2.09133	2.43903	2.83243	3.27555	3.77244	4.32709	4.94339	5.62504	6.37549	7.19784	8.09477	9.06846	10.1204	11.2516	12.462	13.7507	15.116	16.555	18.0637	19.6368	21.2682	22.9503	24.6744	26.4311	28.2099	30	
0	0.0553017	0.112539	0.173674	0.240729	0.315807	0.40112	0.49901	0.611972	0.742667	0.893935	1.06881	1.27049	1.5024	1.7681	2.07133	2.41595	2.80595	3.24534	3.73819	4.28851	4.90022	5.57707	6.3226	7.14	8.03207	9.00115	10.049	11.1766	12.3843	13.6714	15.0366	16.477	17.989	19.5675	21.2062	22.8977	24.6331	26.4026	28.1954	30	
0	0.0545537	0.111017	0.17133	0.237485	0.31156	0.39574	0.492339	0.603822	0.732819	0.882142	1.05478	1.25393	1.48296	1.74541	2.04501	2.38558	2.7711	3.2056	3.69313	4.23775	4.84341	5.51394	6.25295	7.06377	7.94937	8.91227	9.95443	11.0772	12.2812	13.5661	14.9307	16.3728	17.8889	19.4742	21.1226	22.8266	24.5771	26.3639	28.1756	30	
0	0.0536241	0.109127	0.168416	0.233454	0.306284	0.389056	0.484051	0.593696	0.720585	0.867489	1.03736	1.23336	1.45881	1.71722	2.01228	2.34781	2.72775	3.15613	3.63701	4.17447	4.77253	5.43507	6.16583	6.96829	7.84559	8.8005	9.83527	10.9516	12.1504	13.432	14.7956	16.2393	17.7602	19.3539	21.0143	22.7341	24.5041	26.3133	28.1497	30	
0	0.0525135	0.106869	0.164935	0.228637	0.299979	0.381069	0.474146	0.581593	0.705958	0.849966	1.01653	1.20874	1.42989	1.68345	1.97306	2.30251	2.67572	3.09669	3.56952	4.09828	4.68705	5.33982	6.06041	6.85249	7.71942	8.66424	9.68956	10.7975	11.9894	13.2662	14.6277	16.0726	17.5986	19.2019	20.8769	22.6163	24.4106	26.2484	28.1164	30	
0	0.0512229	0.104244	0.160889	0.223038	0.292647	0.37178	0.462624	0.56751	0.688933	0.829562	0.99225	1.18004	1.39616	1.64404	1.92725	2.24955	2.61481	3.02705	3.49032	4.00874	4.58642	5.22744	5.93576	6.71521	7.5694	8.50168	9.51506	10.6121	11.7949	13.0648	14.4226	15.8678	17.3989	19.0128	20.7048	22.4677	24.292	26.1656	28.0739	30	
0	0.0497531	0.101255	0.156281	0.216659	0.284294	0.361193	0.449487	0.551447	0.669505	0.806267	0.964519	1.14724	1.35758	1.59891	1.87475	2.18879	2.54486	2.94694	3.39907	3.90539	4.47004	5.09718	5.79089	6.55519	7.39394	8.31084	9.30932	10.3925	11.5632	12.8235	14.1752	15.6189	17.1542	18.7794	20.4905	22.2812	24.1421	26.0604	28.0195	30	
0	0.0481057	0.0979043	0.151114	0.209506	0.274925	0.349315	0.434742	0.533409	0.647679	0.780081	0.933325	1.11031	1.31412	1.54803	1.81548	2.12011	2.46569	2.85614	3.29548	3.78782	4.33736	4.94829	5.62483	6.37117	7.19143	8.08965	9.06974	10.1354	11.2903	12.5374	13.8796	15.319	16.8567	18.4926	20.2245	22.0474	23.9524	25.9261	27.9498	30	
0	0.0462829	0.0941964	0.145396	0.201588	0.26455	0.336157	0.418402	0.513412	0.623467	0.751015	0.898677	1.06926	1.26576	1.49135	1.7494	2.04345	2.37719	2.75447	3.17926	3.65567	4.18786	4.7801	5.43668	6.16196	6.9603	7.83609	8.7937	9.8375	10.9718	12.201	13.5291	14.9599	16.4967	18.1415	19.8946	21.7535	23.7109	25.7532	27.8593	30	
0	0.0442877	0.0901374	0.139136	0.192916	0.253184	0.321738	0.400488	0.491478	0.596896	0.719096	0.860601	1.02411	1.21252	1.4289	1.67651	1.95877	2.27928	2.64182	3.05026	3.50867	4.02118	4.59206	5.22569	5.92653	6.69915	7.54826	8.47867	9.4954	10.6036	11.8088	13.1165	14.5326	16.0628	17.7122	19.485	21.3824	23.4005	25.5275	27.7398	30	
0	0.0421241	0.0857356	0.132345	0.183508	0.240851	0.306085	0.381033	0.467644	0.568008	0.684372	0.819148	0.974925	1.15447	1.36073	1.59684	1.8661	2.172	2.51817	2.90841	3.34669	3.83708	4.38383	4.99131	5.66407	6.40684	7.22457	8.12246	9.10611	10.1815	11.3552	12.6345	14.0273	15.5423	17.1887	18.9757	20.9107	22.9967	25.227	27.5777	30	
0	0.0397974	0.0810014	0.12504	0.173387	0.227577	0.289233	0.360079	0.441962	0.536862	0.646911	0.774398	0.921781	1.09169	1.28694	1.51051	1.76557	2.05544	2.38362	2.75379	3.16977	3.63554	4.15526	4.73328	5.37414	6.08264	6.86389	7.72339	8.66718	9.70194	10.8353	12.0759	13.434	14.9215	16.5521	18.3418	20.3073	22.4634	24.8162	27.3488	30	
0	0.0373141	0.075948	0.117242	0.162578	0.213399	0.271227	0.337682	0.414498	0.503539	0.606807	0.726459	0.864809	1.02434	1.2077	1.41771	1.65737	1.92983	2.23842	2.58664	2.97814	3.41678	3.90656	4.45171	5.05671	5.72633	6.46572	7.28051	8.17701	9.16238	10.245	11.4347	12.7437	14.1867	15.7825	17.5545	19.5315	21.7473	24.2348	27.0061	30	
0	0.034682	0.0705914	0.108975	0.151118	0.198361	0.252123	0.31391	0.385337	0.468139	0.564182	0.675475	0.804177	0.952604	1.12323	1.31869	1.5418	1.7955	2.08292	2.40736	2.77227	3.18128	3.63821	4.14711	4.71228	5.33834	6.03033	6.79384	7.63521	8.56173	9.58212	10.707	11.9495	13.3268	14.8611	16.5829	18.534	20.7726	23.3784	26.4452	30	
0	0.0319102	0.0649501	0.100267	0.139044	0.182516	0.231988	0.288847	0.354581	0.430786	0.519183	0.621622	0.740095	0.876735	1.03383	1.2138	1.41925	1.65291	1.91767	2.21657	2.55283	2.92982	3.3511	3.82044	4.34188	4.91978	5.55889	6.26455	7.04283	7.9008	8.84697	9.89184	11.0487	12.3352	13.7749	15.4015	17.2647	19.4426	22.0693	25.4005	30	
0	0.0290093	0.0590456	0.0911519	0.126404	0.165924	0.210898	0.262588	0.322346	0.391623	0.471984	0.565111	0.672813	0.797032	0.939842	1.10346	1.29023	1.50264	1.74333	2.01507	2.32076	2.66347	3.04645	3.47313	3.94717	4.47252	5.05354	5.69505	6.40257	7.18255	8.0427	8.99258	10.0443	11.2138	12.5227	14.0014	15.6952	17.6751	20.063	23.0914	30	
0	0.0256028	0.0514734	0.0778807	0.105097	0.133397	0.163064	0.194385	0.227661	0.2632	0.301328	0.342386	0.386737	0.434769	0.486901	0.543592	0.605344	0.672719	0.746347	0.826948	0.91535	1.01252	1.1196	1.23796	1.36925	1.51553	1.67933	1.8639	2.07338	2.31324	2.59077	2.91595	3.30279	3.77156	4.35265	5.09378	6.07413	7.43477	9.45102	12.724	30	
0	0.0409645	0.0823574	0.124609	0.168155	0.213435	0.260902	0.311016	0.364257	0.42112	0.482125	0.547817	0.618779	0.69563	0.779042	0.869747	0.968551	1.07635	1.19416	1.32312	1.46456	1.62003	1.79136	1.98073	2.1908	2.42484	2.68693	2.98223	3.31741	3.70118	4.14523	4.66552	5.28447	6.03449	6.96424	8.15006	9.7186	11.8956	15.1216	20.3584	30	
0	0.0561223	0.11283	0.170713	0.230366	0.292391	0.357404	0.426039	0.498946	0.576804	0.660319	0.750236	0.847346	0.952492	1.06659	1.19062	1.32568	1.47298	1.63389	1.80994	2.00291	2.21487	2.44825	2.70595	2.99149	3.30915	3.66426	4.06354	4.51554	5.03141	5.62584	6.31864	7.13707	8.11949	9.32134	10.8249	12.7557	15.3083	18.782	23.5883	30	
0	0.0710018	0.142743	0.215966	0.291421	0.369869	0.452087	0.538869	0.631036	0.72944	0.834968	0.948554	1.07119	1.20392	1.34789	1.50432	1.67458	1.86014	2.0627	2.28413	2.52661	2.79264	3.08516	3.40766	3.7643	4.16016	4.60147	5.096	5.65353	6.28658	7.01136	7.84917	8.82844	9.98752	11.3789	13.0744	15.1723	17.8011	21.1105	25.2133	30	
0	0.0855316	0.171951	0.260149	0.351026	0.445494	0.544484	0.648948	0.759867	0.878258	1.00518	1.14174	1.28912	1.44856	1.6214	1.8091	2.01323	2.23554	2.47797	2.74271	3.03225	3.34944	3.69762	4.08068	4.50328	4.97099	5.49059	6.07039	6.72071	7.45447	8.28799	9.24209	10.3435	11.6264	13.1348	14.9239	17.0599	19.6146	22.6465	26.1548	30	
0	0.0996439	0.200317	0.303054	0.408899	0.518907	0.634157	0.755749	0.884818	1.02253	1.17012	1.32884	1.50005	1.68517	1.88571	2.10334	2.33982	2.59711	2.87739	3.18306	3.51687	3.88193	4.28184	4.72077	5.20364	5.73628	6.32567	6.9802	7.71013	8.52795	9.44905	10.4924	11.6811	13.0436	14.6135	16.4292	18.5309	20.9527	23.7073	26.7599	30	
0	0.113275	0.227715	0.344489	0.464778	0.589775	0.720696	0.858783	1.00531	1.1616	1.32901	1.50897	1.70297	1.9126	2.13954	2.3856	2.65273	2.94306	3.25893	3.60293	3.97797	4.38734	4.83479	5.32461	5.86182	6.45226	7.10279	7.82157	8.61826	9.50442	10.4938	11.6026	12.85	14.2578	15.8502	17.6518	19.6844	21.9601	24.4713	27.1783	30	
0	0.126366	0.254025	0.384274	0.518421	0.657789	0.803725	0.9576	1.12082	1.29484	1.48115	1.68132	1.89699	2.12986	2.38176	2.65464	2.95058	3.27184	3.6209	4.00047	4.41356	4.86353	5.35419	5.88984	6.47541	7.11657	7.81987	8.59291	9.44448	10.3848	11.4257	12.5804	13.864	15.2924	16.8819	18.6471	20.5977	22.7341	25.0412	27.4829	30	
0	0.138863	0.279138	0.422243	0.569605	0.722669	0.882901	1.05179	1.23087	1.42171	1.62593	1.84521	2.08131	2.33605	2.61139	2.90937	3.23219	3.5822	3.96196	4.37424	4.82211	5.30894	5.83848	6.41495	7.04307	7.7282	8.47639	9.29453	10.1904	11.1727	12.2511	13.4363	14.7393	16.1715	17.7429	19.4611	21.3286	23.3398	25.4781	27.7128	30	
0	0.150716	0.302957	0.458249	0.618133	0.784163	0.957917	1.141	1.33504	1.54173	1.76279	2.00002	2.25526	2.53045	2.82762	3.14892	3.49661	3.87312	4.28104	4.72317	5.20256	5.72253	6.28673	6.89919	7.56435	8.28715	9.07307	9.92817	10.8591	11.8731	12.978	14.1818	15.4925	16.9175	18.4624	20.1303	21.9193	23.8215	25.8205	27.8911	30	
0	0.161883	0.325393	0.49216	0.663826	0.842048	1.0285	1.2249	1.43296	1.65448	1.89127	2.14522	2.41826	2.71241	3.02979	3.37258	3.74312	4.14385	4.57739	5.04652	5.55423	6.10376	6.69857	7.34247	8.03956	8.79431	9.61157	10.4966	11.4549	12.4923	13.615	14.8287	16.139	17.5501	19.0649	20.6832	22.4009	24.2092	26.0932	28.0322	30	
0	0.172325	0.346371	0.523861	0.706531	0.89613	1.09443	1.30321	1.52432	1.75961	2.01097	2.28038	2.56985	2.88145	3.21736	3.57981	3.97115	4.39385	4.85051	5.34386	5.87682	6.45246	7.07409	7.74521	8.46957	9.25115	10.0942	11.003	11.9823	13.0366	14.1705	15.3879	16.6925	18.0864	19.5702	21.1419	22.7963	24.5245	26.3133	28.1454	30	
0	0.182009	0.365823	0.553252	0.746114	0.946242	1.15549	1.37572	1.60885	1.85681	2.12157	2.40516	2.70966	3.03718	3.38994	3.77021	4.18035	4.62281	5.10014	5.61504	6.17028	6.76882	7.41372	8.1082	8.85565	9.65956	10.5235	11.4512	12.4463	13.5124	14.6525	15.8696	17.1653	18.5406	19.9943	21.5235	23.1225	24.7827	26.4925	28.2372	30	
0	0.190907	0.383695	0.580249	0.782464	0.992246	1.21152	1.44222	1.68633	1.94585	2.22281	2.51928	2.83739	3.17931	3.54726	3.94353	4.37048	4.83054	5.3262	5.86008	6.43484	7.05325	7.71817	8.43254	9.19936	10.0217	10.9025	11.845	12.8518	13.9256	15.0686	16.2825	17.5678	18.9243	20.35	21.8413	23.3923	24.995	26.6391	28.3121	30	
0	0.198995	0.399938	0.604783	0.815488	1.03403	1.26238	1.50257	1.7566	2.02655	2.31449	2.62254	2.95285	3.30764	3.68913	4.09962	4.54146	5.01702	5.52876	6.07919	6.67086	7.30636	7.98834	8.71946	9.50238	10.3397	11.2341	12.1878	13.2031	14.2818	15.4254	16.6344	17.9088	19.2474	20.6477	22.1056	23.6155	25.1699	26.7595	28.3735	30	
0	0.206254	0.414516	0.626796	0.845113	1.07149	1.30798	1.55663	1.81952	2.09876	2.39646	2.71478	3.0559	3.42205	3.81546	4.23843	4.69327	5.18234	5.70801	6.2727	6.87884	7.52887	8.22521	8.97029	9.76645	10.616	11.5209	12.4833	13.5046	14.5861	15.7285	16.932	18.1956	19.5177	20.8955	22.3246	23.7997	25.3136	26.8581	28.4236	30	
0	0.21267	0.427398	0.646246	0.87128	1.10458	1.34822	1.60433	1.875	2.16238	2.46862	2.79592	3.14646	3.52248	3.92623	4.35998	4.82602	5.32666	5.86422	6.44101	7.05936	7.72155	8.42983	9.18638	9.99328	10.8525	11.7657	12.7344	13.7599	14.8427	15.9831	17.1808	18.4344	19.7418	21.1	22.5046	23.9505	25.4309	26.9384	28.4645	30	
0	0.218231	0.438563	0.663099	0.893948	1.13323	1.38306	1.64559	1.92296	2.21734	2.53092	2.8659	3.22449	3.60893	4.02146	4.46434	4.93983	5.4502	5.9977	6.58457	7.21302	7.8852	8.6032	9.369	10.1844	11.0512	11.9707	12.9441	13.9723	15.0554	16.1934	17.3855	18.63	19.9247	21.2663	22.6506	24.0723	25.5255	27.003	28.4973	30	
0	0.222929	0.447994	0.677332	0.913086	1.1574	1.41244	1.68037	1.96337	2.26362	2.58333	2.92472	3.29001	3.68142	4.10122	4.55162	5.03487	5.5532	6.1088	6.70383	7.34041	8.02059	8.7463	9.51935	10.3414	11.2139	12.1381	13.1148	14.1446	15.2274	16.3629	17.5499	18.7866	20.0706	21.3986	22.7663	24.1688	25.6002	27.054	28.5231	30	
0	0.22676	0.455682	0.688932	0.928678	1.17709	1.43636	1.70867	1.99621	2.3012	2.62585	2.97238	3.34303	3.74002	4.16559	4.62196	5.11135	5.63593	6.19786	6.79924	7.44211	8.12841	8.85997	9.63849	10.4655	11.3422	12.2696	13.2485	14.2791	15.3613	16.4943	17.6769	18.9073	20.1828	21.4999	22.8547	24.2423	25.657	27.0927	28.5427	30	
0	0.22972	0.461623	0.697892	0.940716	1.19229	1.4548	1.73046	2.02149	2.33009	2.65849	3.00892	3.38362	3.7848	4.2147	4.67552	5.16945	5.69864	6.2652	6.8712	7.5186	8.20928	8.94499	9.72731	10.5576	11.4371	12.3667	13.3468	14.3777	15.459	16.5899	17.7691	18.9945	20.2635	21.5727	22.918	24.2948	25.6975	27.1203	28.5567	30	
0	0.23181	0.465816	0.704213	0.949202	1.20298	1.46777	1.74577	2.03921	2.35031	2.68129	3.03439	3.41184	3.81586	4.24866	4.71243	5.20936	5.74156	6.31113	6.92008	7.57034	8.26374	9.00196	9.78654	10.6188	11.4998	12.4304	13.411	14.4416	15.522	16.6512	17.8279	19.0498	20.3145	21.6184	22.9577	24.3275	25.7227	27.1374	28.5654	30	
0	0.233032	0.468265	0.707901	0.954144	1.2092	1.47529	1.75462	2.04942	2.3619	2.69431	3.04886	3.42778	3.83328	4.26758	4.73285	5.23126	5.76492	6.33589	6.94617	7.59766	8.29217	9.03135	9.8167	10.6495	11.5309	12.4615	13.4418	14.4719	15.5514	16.6794	17.8544	19.0744	20.3367	21.6381	22.9745	24.3413	25.7332	27.1445	28.5689	30	
0	0.233389	0.468978	0.708968	0.95556	1.21096	1.47738	1.75704	2.05214	2.36492	2.69759	3.05238	3.4315	3.83717	4.27158	4.73691	5.23531	5.76888	6.33967	6.94969	7.60082	8.29486	9.03348	9.81816	10.6502	11.5307	12.4604	13.4398	14.469	15.5475	16.6747	17.849	19.0686	20.3307	21.6321	22.9689	24.3363	25.7292	27.1416	28.5674	30	
0	0.232888	0.467967	0.70743	0.953472	1.20829	1.47409	1.75307	2.04744	2.35942	2.69122	3.04505	3.42311	3.82763	4.26078	4.72473	5.22163	5.75358	6.32264	6.9308	7.57998	8.27199	9.0085	9.79105	10.621	11.4994	12.4273	13.405	14.4328	15.5104	16.6371	17.8117	19.0321	20.296	21.6001	22.9404	24.3123	25.7103	27.1287	28.5608	30	
0	0.231534	0.465245	0.70331	0.947909	1.20123	1.46545	1.74277	2.03537	2.34547	2.67526	3.02693	3.4027	3.80475	4.23526	4.69641	5.19033	5.71913	6.28489	6.8896	7.53522	8.22359	8.95644	9.73536	10.5618	11.4369	12.3618	13.337	14.3629	15.4394	16.566	17.7415	18.9643	20.2319	21.5412	22.8883	24.2684	25.6761	27.1052	28.5489	30	
0	0.229337	0.460829	0.696633	0.938907	1.18981	1.45152	1.72619	2.01601	2.32315	2.6498	2.99813	3.37035	3.76863	4.19514	4.65205	5.1415	5.66561	6.22647	6.82612	7.46653	8.14961	8.87716	9.65088	10.4723	11.3428	12.2635	13.2352	14.2585	15.3336	16.4602	17.6373	18.8636	20.1367	21.4538	22.8109	24.2033	25.6253	27.0703	28.5311	30	
0	0.226307	0.454741	0.68743	0.926505	1.1741	1.43235	1.70341	1.98942	2.29254	2.61493	2.95875	3.32618	3.71937	4.14051	4.59174	5.07521	5.59307	6.14741	6.74032	7.37382	8.04989	8.77043	9.53725	10.352	11.2163	12.1314	13.0985	14.1184	15.1915	16.3179	17.497	18.7278	20.0082	21.3356	22.7061	24.1149	25.5561	27.0228	28.5069	30	
0	0.222456	0.447005	0.675738	0.910752	1.15415	1.40803	1.67451	1.95571	2.25375	2.57076	2.90889	3.27029	3.65709	4.07147	4.51557	4.99155	5.50155	6.04771	6.63216	7.25697	7.92422	8.63591	9.39398	10.2003	11.0566	11.9646	12.9255	13.9407	15.011	16.1367	17.318	18.554	19.8432	21.1833	22.5707	24.0004	25.4663	26.9609	28.4753	30	
0	0.217799	0.437647	0.661597	0.891702	1.13002	1.37862	1.63958	1.91497	2.20688	2.51741	2.84868	3.20281	3.58191	3.98814	4.42365	4.89058	5.39109	5.92737	6.50155	7.11582	7.77231	8.47317	9.2205	10.0164	10.8627	11.7616	12.7146	13.7235	14.7896	15.9138	17.0968	18.3384	19.6377	20.9928	22.4004	23.8558	25.3525	26.8822	28.4352	30	
0	0.212349	0.4267	0.645054	0.869418	1.1018	1.34423	1.59872	1.86732	2.15207	2.45503	2.77827	3.12389	3.49398	3.89067	4.31609	4.7724	5.26176	5.78637	6.34844	6.9502	7.59388	8.28177	9.01614	9.79926	10.6334	11.5209	12.4638	13.4643	14.5244	15.6456	16.8294	18.0763	19.3864	20.7585	22.1898	23.6759	25.2101	26.7835	28.3845	30	
0	0.206127	0.414199	0.626164	0.843972	1.06958	1.30495	1.55207	1.8129	2.08946	2.38376	2.69783	3.03371	3.39347	3.77922	4.19306	4.63714	5.11364	5.62477	6.17277	6.75996	7.38866	8.06127	8.78025	9.5481	10.3674	11.2408	12.1709	13.1604	14.212	15.328	16.5108	17.7622	19.083	20.4734	21.9316	23.4537	25.0331	26.66	28.321	30	
0	0.199151	0.400185	0.604986	0.815443	1.03345	1.26091	1.49974	1.75187	2.01924	2.3038	2.60755	2.93247	3.2806	3.65399	4.05474	4.48498	4.94687	5.44264	5.97457	6.54502	7.15641	7.81126	8.5122	9.26197	10.0634	10.9196	11.8337	12.8089	13.8487	14.9564	16.1355	17.3891	18.7197	20.1288	21.6164	23.1799	24.813	26.5052	28.241	30	
0	0.191445	0.384703	0.581588	0.783921	0.993528	1.21224	1.44192	1.68441	1.94159	2.21537	2.50767	2.82042	3.15561	3.51526	3.9014	4.31615	4.76166	5.24016	5.75394	6.30539	6.89703	7.53147	8.2115	8.94007	9.72035	10.5557	11.4499	12.4067	13.4305	14.5257	15.6971	16.9493	18.287	19.7139	21.2323	22.8418	24.5379	26.3098	28.1392	30	
0	0.183034	0.367803	0.556048	0.74951	0.94994	1.1591	1.37876	1.61071	1.85675	2.11872	2.39846	2.69786	3.01883	3.36332	3.73335	4.13098	4.55832	5.01759	5.51108	6.04122	6.61054	7.22176	7.87779	8.58177	9.33713	10.1476	11.0174	11.951	12.9535	14.0307	15.1886	16.434	17.7739	19.2151	20.7635	22.4225	24.1909	26.0595	28.0073	30	
0	0.173945	0.349543	0.528448	0.712321	0.902829	1.10165	1.31047	1.53101	1.76498	2.01413	2.28024	2.56511	2.8706	3.19858	3.551	3.92987	4.33725	4.77533	5.24637	5.75279	6.29715	6.88222	7.51098	8.18673	8.9131	9.69413	10.5344	11.4391	12.4141	13.4662	14.6031	15.8338	17.168	18.6165	20.1903	21.8989	23.7477	25.7324	27.8318	30	
0	0.16421	0.329983	0.498883	0.67248	0.852352	1.04009	1.23729	1.44556	1.66656	1.90193	2.15337	2.4226	2.71137	3.02149	3.35484	3.71334	4.09899	4.51391	4.96033	5.44062	5.95733	6.51322	7.11132	7.755	8.44801	9.19463	9.99973	10.869	11.809	12.8275	13.9339	15.1389	16.4557	17.8997	19.4882	21.24	23.1722	25.2931	27.5886	30	
0	0.153863	0.309192	0.467455	0.630125	0.798683	0.97462	1.15944	1.35466	1.56183	1.7825	2.01826	2.27075	2.54163	2.83261	3.14545	3.48201	3.84419	4.23404	4.65369	5.10544	5.59179	6.11545	6.67942	7.28705	7.94217	8.64911	9.41294	10.2396	11.1362	12.1113	13.1752	14.3408	15.624	17.0449	18.6284	20.4052	22.4113	24.6816	27.2308	30	
0	0.14294	0.287243	0.434274	0.585404	0.74201	0.905479	1.07721	1.25862	1.45114	1.65624	1.87538	2.1101	2.36196	2.63254	2.92352	3.23663	3.57368	3.93657	4.32736	4.74823	5.20156	5.68996	6.21633	6.78395	7.39653	8.05839	8.77457	9.55108	10.3951	11.3156	12.3236	13.433	14.6618	16.0337	17.5804	19.3455	21.3893	23.7934	26.6539	30	
0	0.131481	0.264216	0.399463	0.538481	0.682539	0.832914	0.990895	1.15779	1.33491	1.5236	1.72524	1.94122	2.17299	2.42202	2.68985	2.97808	3.28839	3.62257	3.9825	4.37023	4.78797	5.23819	5.72361	6.2473	6.8128	7.4242	8.08633	8.80495	9.58708	10.4414	11.3788	12.4132	13.5631	14.8534	16.319	18.0111	20.0098	22.451	25.5925	30	
0	0.119528	0.240197	0.363148	0.489528	0.62049	0.757195	0.900814	1.05253	1.21355	1.38509	1.5684	1.76475	1.97544	2.20183	2.44532	2.70734	2.98945	3.29324	3.62045	3.97293	4.3527	4.76199	5.20328	5.67936	6.19345	6.74927	7.35121	8.0045	8.71553	9.49217	10.3443	11.2847	12.3301	13.5031	14.8354	16.3737	18.1908	20.41	23.2659	30	
0	0.0396522	0.0794952	0.119721	0.160526	0.20211	0.24468	0.288452	0.333653	0.380524	0.429321	0.48032	0.533824	0.590161	0.649696	0.712836	0.780038	0.851822	0.928784	1.01161	1.10111	1.19824	1.30412	1.42012	1.54791	1.68954	1.84758	2.02529	2.22688	2.45783	2.7255	3.03993	3.41519	3.87163	4.43972	5.16726	6.13352	7.47967	9.48113	12.7391	30	
0	0.0634435	0.127192	0.191554	0.256842	0.323376	0.391488	0.461523	0.533845	0.608838	0.686913	0.768513	0.854118	0.944258	1.03951	1.14054	1.24806	1.36292	1.48605	1.61858	1.76178	1.91718	2.08659	2.27219	2.47665	2.70326	2.95613	3.24047	3.563	3.93253	4.3608	4.86389	5.46431	6.19461	7.10355	8.26762	9.81363	11.9675	15.1698	20.3826	30	
0	0.0869416	0.1743	0.262497	0.351958	0.443122	0.536442	0.632388	0.731456	0.83417	0.941089	1.05282	1.17	1.29337	1.4237	1.56188	1.7089	1.86587	2.03409	2.21502	2.41041	2.62227	2.85301	3.10555	3.38339	3.69086	4.03334	4.41759	4.85226	5.34859	5.92139	6.59061	7.38364	8.33901	9.51234	10.9861	12.8859	15.4068	18.848	23.6215	30	
0	0.110039	0.220604	0.332223	0.445436	0.560794	0.678865	0.800242	0.925545	1.05543	1.19061	1.33182	1.47988	1.63569	1.80023	1.97458	2.15998	2.35779	2.56961	2.79723	3.04277	3.30867	3.59786	3.91381	4.26071	4.64366	5.06896	5.54446	6.08004	6.68834	7.38572	8.19366	9.14075	10.2656	11.6208	13.2786	15.3373	17.9258	21.1941	25.2553	30	
0	0.132632	0.265894	0.400419	0.536852	0.675854	0.818103	0.964307	1.11521	1.27158	1.43427	1.60417	1.78223	1.96951	2.16717	2.37649	2.59889	2.83598	3.08959	3.3618	3.65502	3.97206	4.31621	4.69138	5.10222	5.55435	6.05463	6.61147	7.2353	7.9392	8.73967	9.65773	10.7203	11.9619	13.4267	15.1702	17.259	19.7651	22.7474	26.2054	30	
0	0.154621	0.30997	0.466781	0.6258	0.787788	0.953531	1.12384	1.29958	1.48163	1.67097	1.86859	2.07562	2.29323	2.52275	2.7656	3.02341	3.29796	3.59127	3.90567	4.24378	4.60866	5.00387	5.43358	5.90273	6.41719	6.98403	7.61176	8.31077	9.09374	9.97627	10.9775	12.121	13.4352	14.9542	16.7167	18.7633	21.1284	23.8251	26.819	30	
0	0.17591	0.352642	0.531024	0.711894	0.896112	1.08456	1.27815	1.47785	1.68465	1.89963	2.12391	2.35871	2.60537	2.86531	3.14012	3.43155	3.74153	4.07226	4.42619	4.80614	5.21531	5.6574	6.13672	6.65829	7.22801	7.85286	8.5411	9.30257	10.149	11.0944	12.1553	13.3511	14.7039	16.2383	17.9794	19.9491	22.1602	24.6055	27.2457	30	
0	0.196412	0.393732	0.592877	0.794773	1.00037	1.21064	1.42659	1.64927	1.87978	2.11928	2.36902	2.63031	2.90459	3.19339	3.49842	3.82153	4.16478	4.53046	4.92113	5.3397	5.78945	6.27412	6.79802	7.36611	7.98411	8.65868	9.39756	10.2097	11.1057	12.0974	13.1985	14.4243	15.7913	17.316	19.0134	20.8938	22.9579	25.1913	27.5582	30	
0	0.216042	0.433073	0.65209	0.874101	1.10014	1.33125	1.56854	1.81313	2.06621	2.32904	2.60294	2.88931	3.18968	3.50568	3.83908	4.19183	4.56606	4.96413	5.38866	5.84257	6.32914	6.85209	7.41561	8.02446	8.68407	9.40061	10.1811	11.0336	11.9669	12.9912	14.1173	15.3568	16.7212	18.2212	19.8647	21.6548	23.5865	25.6435	27.7957	30	
0	0.234723	0.47051	0.70843	0.949568	1.19502	1.44593	1.70346	1.96881	2.24325	2.52811	2.82478	3.13474	3.45959	3.80102	4.16088	4.54115	4.94402	5.37187	5.82732	6.31329	6.83299	7.39001	7.98837	8.63256	9.32758	10.0791	10.8932	11.7769	12.7377	13.7836	14.9231	16.1646	17.5158	18.983	20.5696	22.2744	24.0899	26.0005	27.9814	30	
0	0.252387	0.505904	0.761689	1.02089	1.28468	1.55426	1.83085	2.11574	2.41025	2.71577	3.03376	3.36575	3.71341	4.07846	4.46279	4.86843	5.29756	5.75257	6.23605	6.75085	7.30008	7.88716	8.51587	9.19037	9.91519	10.6953	11.5362	12.4436	13.4237	14.4828	15.6273	16.863	18.1947	19.6258	21.1565	22.7835	24.4984	26.2872	28.1294	30	
0	0.268968	0.539127	0.811673	1.08782	1.36879	1.65585	1.95028	2.25342	2.56664	2.8914	3.22919	3.58162	3.95034	4.33716	4.74397	5.1728	5.62583	6.10541	6.61408	7.1546	7.72992	8.34329	8.9982	9.69843	10.448	11.2514	12.1132	13.0381	14.0312	15.0972	16.2407	17.4657	18.7748	20.1691	21.6473	23.2048	24.8334	26.5204	28.2493	30	
0	0.28441	0.570065	0.858214	1.15012	1.44707	1.75036	2.06134	2.38139	2.71193	3.05445	3.41051	3.78171	4.16976	4.57647	5.00373	5.45359	5.92818	6.42981	6.96094	7.52419	8.12239	8.75854	9.43584	10.1577	10.9278	11.7497	12.6275	13.5651	14.5662	15.6345	16.7731	17.9845	19.2699	20.6289	22.059	23.5553	25.1099	26.7119	28.3473	30	
0	0.298664	0.598618	0.90116	1.2076	1.51926	1.8375	2.1637	2.49928	2.8457	3.20448	3.5772	3.96551	4.37112	4.79584	5.24156	5.7103	6.20417	6.7254	7.27636	7.85954	8.4776	9.13331	9.8296	10.5695	11.3562	12.1929	13.0827	14.029	15.0345	16.1019	17.2333	18.4299	19.6918	21.0178	22.4048	23.8478	25.3394	26.87	28.4279	30	
0	0.311684	0.624699	0.940382	1.26008	1.58516	1.91702	2.25706	2.60675	2.96758	3.34109	3.72887	4.1326	4.55399	4.99485	5.45706	5.9426	6.45352	6.99199	7.56028	8.16076	8.79589	9.46824	10.1805	10.9352	11.7353	12.5834	13.4822	14.4342	15.4415	16.5059	17.6287	18.8103	20.05	21.346	22.6949	24.0919	25.53	27.0009	28.4946	30	
0	0.323433	0.648231	0.975767	1.30742	1.64459	1.9887	2.34119	2.70354	3.07728	3.46396	3.86519	4.28265	4.71806	5.1732	5.64995	6.15023	6.67606	7.22953	7.8128	8.4281	9.07773	9.76407	10.4895	11.2564	12.0671	12.924	13.8292	14.7847	15.7919	16.8521	17.9659	19.133	20.3523	21.6216	22.9374	24.2949	25.688	27.1091	28.5496	30	
0	0.333879	0.669153	1.00722	1.34949	1.69739	2.05236	2.41587	2.78942	3.17456	3.57284	3.9859	4.4154	4.86306	5.33066	5.82004	6.33309	6.87175	7.43806	8.03407	8.66189	9.32368	10.0216	10.7578	11.5344	12.3535	13.2171	14.1267	15.084	16.09	17.1454	18.2502	19.404	20.605	21.851	23.1385	24.4628	25.8182	27.1981	28.5947	30	
0	0.342997	0.687411	1.03466	1.38619	1.74343	2.10785	2.48094	2.86421	3.25922	3.66754	4.0908	4.53066	4.98884	5.46709	5.96723	6.4911	7.04062	7.61771	8.22435	8.86256	9.53433	10.2417	10.9865	11.7708	12.5963	13.4647	14.3772	15.3352	16.3393	17.3897	18.4863	19.6281	20.8133	22.0394	23.303	24.5997	25.9242	27.2703	28.6314	30	
0	0.350764	0.702963	1.05804	1.41743	1.78262	2.15506	2.53627	2.92777	3.33112	3.7479	4.17974	4.62829	5.09527	5.5824	6.09147	6.6243	7.18273	7.76864	8.38394	9.03051	9.71026	10.425	11.1766	11.9668	12.797	13.6688	14.5832	15.541	16.5428	17.5886	18.6778	19.8092	20.981	22.1907	23.4348	24.7091	26.0086	27.3279	28.6605	30	
0	0.357165	0.715778	1.07729	1.44317	1.81488	2.19391	2.58177	2.98	3.39016	3.81383	4.25263	4.70822	5.18229	5.67655	6.19277	6.73272	7.29821	7.89106	8.51311	9.16617	9.85204	10.5725	11.3291	12.1235	12.9571	13.831	14.7463	15.7036	16.7031	17.7446	18.8275	19.9504	21.1114	22.3079	23.5366	24.7934	26.0737	27.3721	28.6829	30	
0	0.362187	0.725831	1.09239	1.46334	1.84015	2.22433	2.61738	3.02083	3.43626	3.86525	4.30941	4.77039	5.24987	5.74954	6.27115	6.81644	7.38719	7.98517	8.61216	9.26992	9.96015	10.6845	11.4446	12.2419	13.0776	13.9528	14.8683	15.8247	16.822	17.86	18.9378	20.0541	21.2068	22.3935	23.6107	24.8546	26.1208	27.4041	28.6991	30	
0	0.365824	0.733109	1.10332	1.47793	1.85842	2.24628	2.64304	3.05023	3.4694	3.90214	4.35007	4.81481	5.29803	5.80142	6.32669	6.87558	7.44983	8.05117	8.68136	9.34209	10.035	10.7618	11.5239	12.3227	13.1594	14.035	14.9502	15.9055	16.901	17.9362	19.0102	20.1218	21.2688	22.4488	23.6584	24.8939	26.1509	27.4245	28.7094	30	
0	0.368073	0.737606	1.11006	1.48692	1.86965	2.25976	2.65876	3.06818	3.48957	3.92451	4.3746	4.84148	5.3268	5.83223	6.35947	6.91024	7.48625	8.08924	8.72092	9.38296	10.077	10.8046	11.5673	12.3664	13.2031	14.0783	14.9928	15.947	16.9409	17.9741	19.0458	20.1545	21.2984	22.4748	23.6806	24.912	26.1647	27.4338	28.714	30	
0	0.368933	0.739322	1.11263	1.49032	1.87387	2.26478	2.66454	3.07469	3.49678	3.93237	4.38306	4.85047	5.33624	5.84205	6.36957	6.92052	7.49661	8.09955	8.73103	9.39275	10.0863	10.8134	11.5753	12.3735	13.2092	14.0833	14.9966	15.9495	16.9422	17.9742	19.0448	20.1527	21.2959	22.4719	23.6776	24.9091	26.1622	27.432	28.7131	30	
0	0.368409	0.738267	1.11103	1.48815	1.87109	2.26135	2.66043	3.06983	3.49109	3.92579	4.3755	4.84184	5.32645	5.83098	6.35712	6.90656	7.48102	8.08221	8.71185	9.37161	10.0632	10.7881	11.5479	12.344	13.1776	14.0498	14.9615	15.9131	16.9048	17.9364	19.0073	20.1161	21.2611	22.4397	23.649	24.885	26.1433	27.419	28.7065	30	
0	0.366509	0.734456	1.10528	1.48043	1.86136	2.24954	2.64647	3.05364	3.47258	3.90485	4.35203	4.81571	5.29752	5.79913	6.32221	6.86846	7.4396	8.03736	8.66346	9.31962	10.0075	10.7288	11.4851	12.2778	13.1083	13.9778	14.8872	15.8372	16.8282	17.8601	18.9323	20.0439	21.193	22.3774	23.594	24.8388	26.1073	27.3943	28.6939	30	
0	0.363246	0.727912	1.09543	1.46722	1.84473	2.22941	2.62275	3.02622	3.44135	3.86967	4.31275	4.77219	5.2496	5.74664	6.26499	6.80636	7.37247	7.96508	8.58594	9.23681	9.91943	10.6355	11.3868	12.1747	13.0009	13.8667	14.7731	15.7212	16.7114	17.744	18.8187	19.9346	21.0903	22.2834	23.5111	24.7692	26.0531	27.3571	28.675	30	
0	0.358633	0.718667	1.08151	1.44857	1.82127	2.20105	2.58937	2.98769	3.39752	3.82038	4.25782	4.71144	5.18283	5.67366	6.18561	6.72038	7.27974	7.86546	8.47933	9.12316	9.79878	10.508	11.2526	12.0343	12.8548	13.7157	14.6182	15.5637	16.5529	17.5865	18.6644	19.7861	20.9505	22.1554	23.3979	24.6741	25.9789	27.3062	28.6491	30	
0	0.352689	0.706757	1.06358	1.42456	1.79108	2.16457	2.54646	2.93819	3.34125	3.75715	4.18742	4.63364	5.0974	5.58037	6.08423	6.6107	7.16154	7.73858	8.34365	8.97864	9.64544	10.346	11.0822	11.856	12.6693	13.5238	14.4212	15.3632	16.3509	17.3853	18.4669	19.5956	20.7706	21.9902	23.2516	24.5507	25.8824	27.2399	28.6153	30	
0	0.345439	0.692227	1.04172	1.39528	1.75428	2.1201	2.49416	2.87789	3.27273	3.68018	4.10175	4.53901	4.99354	5.467	5.96107	6.47748	7.01803	7.58456	8.17896	8.80319	9.45925	10.1492	10.8751	11.6391	12.4432	13.2897	14.1805	15.1176	16.1028	17.1375	18.2228	19.3592	20.5465	21.7835	23.0677	24.3952	25.7603	27.1556	28.5723	30	
0	0.336906	0.675131	1.016	1.36083	1.71098	2.0678	2.43266	2.80698	3.19217	3.5897	4.00107	4.42781	4.87151	5.3338	5.81637	6.32096	6.84939	7.40352	7.98532	8.5968	9.24006	9.91729	10.6307	11.3828	12.1757	13.0121	13.8943	14.8248	15.8059	16.8397	17.9282	19.0725	20.2733	21.5301	22.841	24.2022	25.6081	27.0503	28.5184	30	
0	0.327123	0.655528	0.986501	1.32134	1.66134	2.00784	2.36216	2.7257	3.09983	3.48599	3.88566	4.30035	4.73161	5.18108	5.65044	6.14142	6.65587	7.19568	7.76285	8.35947	8.98776	9.65001	10.3487	11.0863	11.8656	12.6893	13.5605	14.482	15.4568	16.488	17.5782	18.7298	19.9446	21.223	22.5641	23.965	25.4197	26.9192	28.4511	30	
0	0.316123	0.633487	0.953338	1.27693	1.60553	1.94042	2.2829	2.63431	2.996	3.36938	3.75587	4.15698	4.57423	5.00923	5.46364	5.93922	6.4378	6.96129	7.51175	8.09133	8.70231	9.34716	10.0285	10.749	11.5118	12.32	13.177	14.0865	15.0521	16.0778	17.1674	18.3246	19.5525	20.8535	22.228	23.6741	25.1867	26.7558	28.3667	30	
0	0.303945	0.609085	0.916622	1.22776	1.54373	1.86577	2.19513	2.5331	2.88101	3.2402	3.61209	3.99811	4.39978	4.81867	5.25643	5.71479	6.19558	6.70074	7.23234	7.79257	8.38382	9.00863	9.66977	10.3702	11.1133	11.9025	12.7418	13.6354	14.5879	15.6042	16.6895	17.849	19.088	20.4108	21.8204	23.3172	24.8973	26.5507	28.2601	30	
0	0.290631	0.582408	0.876483	1.17401	1.47617	1.78415	2.09915	2.42242	2.75523	3.09889	3.45475	3.82423	4.20878	4.60994	5.02934	5.46867	5.92976	6.41453	6.92506	7.46359	8.03254	8.63455	9.27251	9.94962	10.6694	11.4357	12.253	13.1261	14.0605	15.0622	16.1378	17.2945	18.54	19.8817	21.326	22.8772	24.5347	26.2899	28.1229	30	
0	0.276229	0.553551	0.83306	1.11586	1.40308	1.69583	1.99529	2.30264	2.61909	2.9459	3.28437	3.63586	4.00179	4.38364	4.78299	5.2015	5.64096	6.10328	6.59052	7.10492	7.64893	8.22524	8.83683	9.48703	10.1796	10.9186	11.709	12.5562	13.4664	14.4467	15.5054	16.6518	17.8962	19.2501	20.725	22.3311	24.0745	25.9515	27.9417	30	
0	0.260791	0.522615	0.78651	1.05352	1.3247	1.60114	1.88392	2.17417	2.47304	2.78175	3.10151	3.43364	3.77948	4.14047	4.51813	4.91406	5.33	5.76781	6.22953	6.71735	7.23373	7.78135	8.36323	8.98278	9.64385	10.3508	11.1089	11.9238	12.8026	13.7534	14.7858	15.9113	17.1434	18.498	19.9931	21.6481	23.4807	25.5	27.6924	30	
0	0.244372	0.489714	0.736999	0.987209	1.24134	1.5004	1.76542	2.03746	2.31761	2.607	2.9068	3.21823	3.54259	3.88123	4.2356	4.60724	4.99781	5.40911	5.84309	6.3019	6.78794	7.30384	7.85262	8.43765	9.06282	9.73264	10.4523	11.2281	12.0674	12.9789	13.9736	15.0646	16.2684	17.6056	19.1015	20.7877	22.7004	24.8755	27.328	30	
0	0.227032	0.454966	0.684708	0.917172	1.15328	1.39398	1.64023	1.89301	2.15334	2.42228	2.70092	2.99041	3.29195	3.60682	3.93638	4.28209	4.6455	5.02833	5.43243	5.85986	6.3129	6.7941	7.30635	7.85296	8.43773	9.06509	9.74027	10.4695	11.2603	12.1218	13.0654	14.1055	15.2605	16.5546	18.02	19.7008	21.6579	23.9735	26.7443	30	
0	0.208835	0.418501	0.629831	0.843667	1.06086	1.28228	1.5088	1.74135	1.98084	2.22827	2.48463	2.751	3.02847	3.31824	3.62155	3.93977	4.27434	4.62685	4.99903	5.39279	5.81027	6.25387	6.72629	7.23066	7.77058	8.35025	8.97466	9.64979	10.3829	11.1829	12.0611	13.0318	14.1138	15.3326	16.7233	18.338	20.2569	22.6166	25.6756	30	
0	0.18985	0.380456	0.572574	0.76697	0.964418	1.16571	1.37164	1.58304	1.80077	2.0257	2.25876	2.50091	2.75315	3.01658	3.29232	3.58161	3.88577	4.20623	4.54457	4.90254	5.28207	5.68533	6.11481	6.57333	7.06416	7.59113	8.15878	8.77253	9.43899	10.1663	10.9646	11.8471	12.8308	13.9387	15.203	16.6709	18.4154	20.5606	23.3414	30	
0	0.0403957	0.0809775	0.121933	0.163454	0.205736	0.248982	0.293403	0.339223	0.386678	0.436021	0.487526	0.541491	0.598241	0.65814	0.721591	0.789051	0.861037	0.938144	1.02106	1.11059	1.20769	1.31348	1.42933	1.55692	1.69829	1.85602	2.03337	2.23454	2.46504	2.7322	3.04609	3.42076	3.87658	4.44402	5.17089	6.13644	7.48188	9.48261	12.7399	30	
0	0.0646331	0.129564	0.195093	0.261527	0.329178	0.398371	0.469445	0.542757	0.618685	0.697634	0.780042	0.866385	0.957186	1.05302	1.15455	1.26248	1.37766	1.50103	1.6337	1.77695	1.9323	2.10156	2.28693	2.49107	2.71727	2.96964	3.2534	3.57527	3.94406	4.37152	4.87374	5.47322	6.20253	7.11044	8.27342	9.81831	11.971	15.1722	20.3838	30	
0	0.0885726	0.177552	0.26735	0.358382	0.451078	0.54588	0.64325	0.743676	0.847672	0.955789	1.06862	1.18682	1.31109	1.44222	1.58109	1.72867	1.88609	2.05462	2.23575	2.4312	2.64299	2.87355	3.12577	3.40317	3.71007	4.05186	4.43531	4.86908	5.3644	5.93609	6.60412	7.39586	8.34988	9.52178	10.9941	12.8924	15.4117	18.8513	23.6231	30	
0	0.112105	0.224723	0.338371	0.453574	0.570872	0.69082	0.814001	0.941025	1.07254	1.20923	1.35184	1.50119	1.65815	1.82369	1.99891	2.18502	2.3834	2.59562	2.82349	3.0691	3.33493	3.62388	3.93942	4.28576	4.66799	5.09243	5.56691	6.10134	6.70836	7.40434	8.21077	9.15624	10.2793	11.6327	13.2887	15.3454	17.932	21.1983	25.2573	30	
0	0.135125	0.270865	0.407837	0.546672	0.688015	0.83253	0.980911	1.13389	1.29222	1.45675	1.62833	1.80794	1.99661	2.19549	2.40585	2.62911	2.86688	3.12098	3.39348	3.6868	4.00375	4.34761	4.72228	5.13244	5.58372	6.08295	6.63857	7.26102	7.96337	8.76215	9.67837	10.739	11.9785	13.4412	15.1824	17.2688	19.7726	22.7524	26.2079	30	
0	0.157531	0.315773	0.475442	0.637264	0.801986	0.970374	1.14323	1.32139	1.50573	1.6972	1.8968	2.10563	2.32487	2.5558	2.79988	3.0587	3.33404	3.62792	3.94266	4.28088	4.64565	5.04052	5.46966	5.93802	6.45148	7.01709	7.6434	8.34079	9.12196	10.0025	11.0016	12.1428	13.4546	14.9711	16.7309	18.7747	21.1371	23.8309	26.822	30	
0	0.179227	0.359256	0.540893	0.724958	0.912291	1.10375	1.30024	1.5027	1.71211	1.92952	2.15605	2.39292	2.64142	2.90298	3.17918	3.47176	3.78264	4.11402	4.46834	4.84842	5.25746	5.69916	6.17784	6.69851	7.26708	7.89053	8.57715	9.33678	10.1812	11.1243	12.1828	13.3759	14.726	16.2575	17.9955	19.9622	22.1701	24.6122	27.249	30	
0	0.200122	0.40113	0.603916	0.809387	1.01847	1.23211	1.4513	1.67706	1.91049	2.15272	2.40498	2.66857	2.94491	3.23553	3.54212	3.86651	4.21077	4.57717	4.96828	5.387	5.8366	6.32084	6.84401	7.41109	8.0278	8.70082	9.43789	10.248	11.1416	12.1308	13.2292	14.4521	15.816	17.3375	19.0315	20.9084	22.9689	25.1987	27.5619	30	
0	0.220131	0.441226	0.664256	0.890207	1.12008	1.35491	1.59577	1.84377	2.10006	2.3659	2.64257	2.93148	3.23412	3.55212	3.88724	4.24141	4.61675	5.01562	5.44062	5.89469	6.38111	6.90358	7.4663	8.07404	8.73223	9.44706	10.2256	11.0757	12.0066	13.0281	14.1512	15.3874	16.7484	18.2448	19.8846	21.6709	23.5987	25.6516	27.7998	30	
0	0.239176	0.479387	0.721678	0.967103	1.21674	1.4717	1.73311	2.00217	2.28011	2.56824	2.86793	3.18065	3.50798	3.85159	4.21331	4.59513	4.99921	5.42793	5.8839	6.37004	6.88957	7.44607	8.04356	8.68654	9.38002	10.1296	10.9416	11.8228	12.7808	13.8237	14.96	16.198	17.5455	19.0088	20.5913	22.2919	24.1032	26.0093	27.9859	30	
0	0.257185	0.51547	0.775965	1.03979	1.30808	1.58202	1.86281	2.15169	2.44997	2.75901	3.08026	3.41523	3.76555	4.13295	4.51929	4.9266	5.35703	5.81298	6.29703	6.81201	7.36105	7.94757	8.57535	9.24854	9.9717	10.7498	11.5883	12.4931	13.4702	14.5261	15.667	16.8989	18.2267	19.6535	21.1799	22.8024	24.5127	26.2967	28.1342	30	
0	0.274093	0.549346	0.826923	1.108	1.39379	1.6855	1.98441	2.29181	2.60907	2.93759	3.27887	3.63447	4.00605	4.39537	4.80433	5.23493	5.68935	6.16994	6.67922	7.21993	7.79506	8.40782	9.06173	9.76057	10.5084	11.3096	12.1689	13.091	14.0809	15.1434	16.2832	17.5041	18.8089	20.1988	21.6723	23.225	24.8486	26.5306	28.2544	30	
0	0.289843	0.580897	0.874378	1.17152	1.47356	1.78179	2.09752	2.42209	2.7569	3.10342	3.46316	3.83773	4.2288	4.63817	5.06771	5.51945	5.99551	6.49821	7.02997	7.59344	8.19143	8.82694	9.50319	10.2236	10.9917	11.8114	12.6866	13.6211	14.6188	15.6834	16.8181	18.0252	19.3061	20.6603	22.0855	23.5767	25.1261	26.7227	28.3527	30	
0	0.304382	0.610021	0.918176	1.23012	1.54716	1.87059	2.20178	2.54212	2.89304	3.25602	3.63263	4.02448	4.43327	4.86079	5.30891	5.77963	6.27506	6.7974	7.34903	7.93244	8.55028	9.20532	9.90049	10.6389	11.4236	12.2578	13.1449	14.088	15.0899	16.1535	17.2806	18.4727	19.7299	21.0509	22.4327	23.8703	25.3564	26.8814	28.4337	30	
0	0.317667	0.636628	0.958184	1.28365	1.61435	1.95164	2.29691	2.65158	3.0171	3.39501	3.78686	4.1943	4.61902	5.0628	5.52752	6.01513	6.52768	7.06732	7.63632	8.23703	8.87193	9.54357	10.2546	11.0078	11.8058	12.6514	13.5473	14.4959	15.4995	16.5599	17.6783	18.8551	20.0898	21.3806	22.7241	24.1154	25.5478	27.0128	28.5006	30	
0	0.329657	0.660641	0.994285	1.33193	1.67495	2.02471	2.38264	2.75017	3.1288	3.52005	3.92552	4.34683	4.7857	5.24389	5.72324	6.22569	6.75321	7.30789	7.89189	8.50743	9.15683	9.84243	10.5666	11.3318	12.1404	12.9947	13.8969	14.8489	15.8522	16.9082	18.0174	19.1796	20.3937	21.6576	22.9678	24.3195	25.7065	27.1215	28.5558	30	
0	0.34032	0.681995	1.02638	1.37486	1.7288	2.08963	2.45876	2.83768	3.22787	3.63089	4.04833	4.48182	4.93306	5.40381	5.89589	6.41117	6.95159	7.51915	8.11592	8.744	9.40553	10.1027	10.8376	11.6125	12.4294	13.2902	14.1967	15.1504	16.1524	17.2034	18.3036	19.4522	20.6479	21.8883	23.1699	24.4881	25.8374	27.2109	28.6012	30	
0	0.349629	0.700635	1.0544	1.41231	1.77578	2.14623	2.52511	2.9139	3.31412	3.72732	4.15508	4.59906	5.06092	5.54242	6.04534	6.57151	7.12282	7.70121	8.30864	8.94711	9.61862	10.3252	11.0687	11.8512	12.6744	13.54	14.4493	15.4036	16.4036	17.4495	18.5412	19.6778	20.8574	22.0778	23.3353	24.6258	25.9439	27.2836	28.638	30	
0	0.357563	0.716519	1.07827	1.44421	1.81578	2.1944	2.58155	2.97871	3.3874	3.80918	4.24563	4.6984	5.16916	5.65961	6.17153	6.70672	7.26699	7.85424	8.47033	9.11718	9.79666	10.5106	11.2609	12.0492	12.8771	13.746	14.6571	15.6111	16.6087	17.6499	18.734	19.8601	21.0263	22.23	23.4679	24.7358	26.0289	27.3414	28.6673	30	
0	0.364103	0.729612	1.09794	1.47049	1.84872	2.23406	2.62798	3.03199	3.44759	3.87636	4.31988	4.77977	5.25769	5.75535	6.27448	6.81683	7.38421	7.97842	8.60128	9.25462	9.94021	10.6598	11.4151	12.2076	13.0388	13.9098	14.8218	15.7752	16.7704	17.8072	18.885	20.0024	21.1577	22.3481	23.5705	24.8208	26.0943	27.3859	28.6898	30	
0	0.369239	0.73989	1.11337	1.49111	1.87455	2.26513	2.66433	3.07366	3.49463	3.9288	4.37776	4.84311	5.3265	5.82963	6.35419	6.90193	7.47459	8.07395	8.70177	9.3598	10.0498	10.7733	11.532	12.3274	13.1606	14.0329	14.9449	15.8974	16.8904	17.9236	18.9962	20.1069	21.2538	22.4343	23.6451	24.8824	26.1418	27.4181	28.7061	30	
0	0.372961	0.747339	1.12456	1.50604	1.89323	2.28758	2.69057	3.1037	3.52848	3.96647	4.41924	4.8884	5.37559	5.88247	6.41074	6.9621	7.53829	8.14103	8.77205	9.43306	10.1257	10.8517	11.6123	12.4092	13.2434	14.116	15.0278	15.9791	16.9702	18.0005	19.0693	20.1753	21.3164	22.4901	23.6932	24.922	26.1722	27.4387	28.7165	30	
0	0.375267	0.751951	1.13147	1.51526	1.90475	2.3014	2.70667	3.12208	3.54912	3.98935	4.44434	4.91567	5.40499	5.91394	6.4442	6.99746	7.57543	8.17983	8.81235	9.47468	10.1684	10.8952	11.6565	12.4537	13.2878	14.1601	15.071	16.0212	17.0106	18.039	19.1053	20.2084	21.3463	22.5165	23.7157	24.9404	26.1861	27.4481	28.7212	30	
0	0.376157	0.753727	1.13413	1.51878	1.90911	2.30658	2.71266	3.12882	3.55659	3.99749	4.45308	4.92497	5.41476	5.9241	6.45466	7.00811	7.58616	8.19051	8.82285	9.48485	10.1782	10.9043	11.6648	12.4611	13.2942	14.1653	15.0751	16.024	17.0122	18.0393	19.1047	20.2068	21.344	22.5137	23.7128	24.9376	26.1837	27.4464	28.7203	30	
0	0.375636	0.752676	1.13253	1.51661	1.90634	2.30317	2.70855	3.12397	3.55092	3.99092	4.44555	4.91637	5.40499	5.91306	6.44222	6.99417	7.57059	8.1732	8.80369	9.46374	10.155	10.8791	11.6375	12.4316	13.2627	14.1319	15.04	15.9876	16.9748	18.0016	19.0671	20.1702	21.3092	22.4816	23.6842	24.9135	26.1648	27.4334	28.7137	30	
0	0.37371	0.748813	1.12671	1.50879	1.89648	2.29121	2.69442	3.10759	3.53219	3.96975	4.42182	4.88996	5.37578	5.88091	6.40701	6.95576	7.52886	8.12802	8.75497	9.41141	10.099	10.8195	11.5744	12.3651	13.1931	14.0596	14.9655	15.9115	16.898	17.925	18.9919	20.0978	21.241	22.4191	23.6291	24.8672	26.1288	27.4087	28.7011	30	
0	0.370393	0.742162	1.11669	1.49537	1.87959	2.27077	2.67034	3.07976	3.50051	3.93409	4.38202	4.84589	5.32727	5.82781	6.34916	6.893	7.46106	8.05506	8.67676	9.32791	10.0103	10.7255	11.4754	12.2614	13.0851	13.9479	14.8508	15.7949	16.7807	17.8084	18.8779	19.9882	21.1379	22.3248	23.5459	24.7973	26.0744	27.3714	28.6822	30	
0	0.365698	0.732754	1.10253	1.4764	1.85573	2.24194	2.63642	3.04062	3.45601	3.88406	4.3263	4.78429	5.25962	5.7539	6.26881	6.80604	7.36732	7.95441	8.56911	9.21322	9.88857	10.597	11.3402	12.12	12.9381	13.7959	14.695	15.6366	16.6214	17.6502	18.7229	19.8391	20.9975	22.1963	23.4324	24.702	25.9999	27.3203	28.6562	30	
0	0.359646	0.720627	1.08428	1.45196	1.82501	2.20482	2.59278	2.9903	3.39883	3.81984	4.25484	4.70537	5.17301	5.65938	6.16615	6.69503	7.24777	7.82616	8.43205	9.06731	9.73384	10.4336	11.1684	11.9403	12.7512	13.6028	14.4969	15.4349	16.4183	17.448	18.5245	19.6477	20.8169	22.0304	23.2855	24.5781	25.9031	27.2537	28.6223	30	
0	0.352259	0.705826	1.06201	1.42214	1.78754	2.15957	2.53958	2.92898	3.32919	3.74165	4.16786	4.60934	5.06767	5.54446	6.04138	6.56016	7.10256	7.67042	8.26563	8.89013	9.54592	10.2351	10.9596	11.7217	12.5236	13.3672	14.2547	15.188	16.1689	17.199	18.2793	19.4103	20.592	21.823	23.101	24.422	25.7806	27.1692	28.5791	30	
0	0.343564	0.688406	1.03581	1.38705	1.74345	2.10632	2.477	2.85686	3.24728	3.64971	4.0656	4.49647	4.94387	5.40942	5.89477	6.40167	6.93191	7.48735	8.06993	8.68167	9.32467	10.0011	10.7133	11.4635	12.2541	13.0877	13.9666	14.8934	15.8704	16.8997	17.9833	19.1224	20.3177	21.5686	22.8735	24.2285	25.6279	27.0636	28.5251	30	
0	0.333593	0.668428	1.00575	1.34682	1.6929	2.04527	2.40525	2.77417	3.15339	3.54431	3.94837	4.36706	4.80193	5.25456	5.72663	6.21986	6.73606	7.27713	7.84506	8.44195	9.06998	9.73147	10.4289	11.1648	11.9418	12.7628	13.6308	14.5487	15.5195	16.5463	17.6318	18.7783	19.9877	21.2604	22.5957	23.9905	25.4389	26.9321	28.4575	30	
0	0.322379	0.645962	0.971954	1.30157	1.63604	1.97662	2.32457	2.68118	3.04779	3.42576	3.81651	4.22149	4.64223	5.08029	5.53732	6.01507	6.51534	7.04006	7.59126	8.17108	8.78182	9.42593	10.106	10.8249	11.5855	12.3911	13.245	14.151	15.1127	16.1342	17.2192	18.3715	19.5942	20.8897	22.2585	23.6988	25.2053	26.7683	28.373	30	
0	0.309964	0.621087	0.934532	1.25147	1.57309	1.9006	2.23521	2.5782	2.93083	3.29445	3.67043	4.06018	4.4652	4.88703	5.32732	5.78776	6.27019	6.77653	7.30883	7.8693	8.46031	9.08442	9.74438	10.4432	11.1842	11.9709	12.8073	13.6975	14.6462	15.6584	16.7393	17.8941	19.1281	20.4456	21.8498	23.3409	24.9152	26.5627	28.2661	30	
0	0.296389	0.59389	0.893616	1.19669	1.50426	1.81747	2.1375	2.46556	2.8029	3.15079	3.51057	3.88361	4.27136	4.67534	5.09715	5.53848	6.00113	6.48703	6.99824	7.53699	8.10571	8.70705	9.34389	10.0194	10.7372	11.5011	12.3156	13.1855	14.1163	15.1141	16.1854	17.3377	18.5784	19.915	21.3541	22.8999	24.5518	26.3014	28.1287	30	
0	0.281705	0.564468	0.849351	1.13743	1.42978	1.72752	2.03176	2.34366	2.66441	2.99525	3.33744	3.69232	4.0613	4.44582	4.84747	5.26788	5.70883	6.17222	6.6601	7.17472	7.71851	8.29418	8.9047	9.55341	10.244	10.9808	11.7685	12.6127	13.5194	14.4961	15.5507	16.6928	17.9327	19.2818	20.7517	22.3527	24.0908	25.9624	27.9472	30	
0	0.265962	0.532925	0.801895	1.07389	1.34993	1.63106	1.91835	2.21291	2.51585	2.82835	3.15163	3.48696	3.83568	4.1992	4.57902	4.97675	5.39409	5.83292	6.29524	6.78327	7.29944	7.84645	8.42733	9.04547	9.70475	10.4096	11.1651	11.9771	12.8527	13.8	14.8286	15.95	17.1778	18.5279	20.0183	21.6685	23.4961	25.5103	27.6976	30	
0	0.249218	0.499377	0.751419	1.0063	1.26498	1.52844	1.79769	2.07377	2.35773	2.65068	2.95377	3.26821	3.59526	3.93628	4.29268	4.66599	5.05788	5.47012	5.90468	6.36368	6.84953	7.36487	7.91269	8.4964	9.1199	9.78769	10.505	11.2781	12.1143	13.0226	14.0137	15.1009	16.3007	17.6336	19.1252	20.8068	22.7148	24.8851	27.3329	30	
0	0.231535	0.463945	0.698108	0.934909	1.17525	1.42004	1.67022	1.92675	2.19062	2.46287	2.74457	3.03685	3.34089	3.65797	3.98942	4.33668	4.70132	5.08503	5.48966	5.91727	6.37013	6.8508	7.36217	7.90756	8.49077	9.11624	9.78922	10.5159	11.3039	12.1624	13.1027	14.1392	15.2905	16.5807	18.042	19.7186	21.6713	23.9825	26.7488	30	
0	0.212978	0.426762	0.642158	0.859984	1.08107	1.30625	1.53639	1.77238	2.01514	2.26561	2.52479	2.79372	3.0735	3.36529	3.67034	3.98999	4.32569	4.67901	5.05167	5.4456	5.86292	6.30603	6.77765	7.28089	7.81937	8.3973	9.01969	9.69252	10.4231	11.2203	12.0954	13.0629	14.1414	15.3565	16.7436	18.3543	20.2693	22.6249	25.6797	30	
0	0.193617	0.387965	0.58378	0.781804	0.982788	1.1875	1.39672	1.61126	1.83194	2.05964	2.29526	2.53974	2.79409	3.05935	3.33668	3.62727	3.93245	4.25364	4.59243	4.95055	5.32993	5.73275	6.1615	6.61899	7.10852	7.63391	8.19972	8.81138	9.4755	10.2002	10.9958	11.8753	12.8559	13.9605	15.2214	16.6857	18.4266	20.5681	23.3452	30	
0	0.0404006	0.0809874	0.121948	0.163474	0.20576	0.249011	0.293436	0.33926	0.386719	0.436066	0.487574	0.541541	0.598295	0.658196	0.721649	0.789111	0.861098	0.938206	1.02112	1.11065	1.20775	1.31354	1.4294	1.55698	1.69835	1.85608	2.03343	2.23459	2.46508	2.73225	3.04613	3.4208	3.87661	4.44405	5.17091	6.13646	7.48189	9.48262	12.7399	30	
0	0.064641	0.12958	0.195117	0.261558	0.329216	0.398417	0.469498	0.542816	0.618751	0.697706	0.780119	0.866466	0.957272	1.05311	1.15464	1.26258	1.37776	1.50113	1.6338	1.77705	1.9324	2.10166	2.28703	2.49117	2.71736	2.96973	3.25349	3.57535	3.94413	4.37159	4.8738	5.47328	6.20258	7.11049	8.27346	9.81834	11.971	15.1722	20.3838	30	
0	0.0885835	0.177574	0.267382	0.358425	0.45113	0.545942	0.643323	0.743757	0.847761	0.955887	1.06873	1.18693	1.31121	1.44235	1.58122	1.7288	1.88622	2.05476	2.23589	2.43134	2.64313	2.87369	3.1259	3.4033	3.7102	4.05199	4.43543	4.86919	5.3645	5.93619	6.6042	7.39594	8.34995	9.52184	10.9941	12.8924	15.4117	18.8513	23.6231	30	
0	0.112119	0.224751	0.338412	0.453628	0.570938	0.6909	0.814093	0.941128	1.07265	1.20935	1.35198	1.50133	1.65829	1.82385	1.99907	2.18519	2.38357	2.5958	2.82366	3.06928	3.3351	3.62405	3.93959	4.28592	4.66815	5.09259	5.56706	6.10149	6.7085	7.40447	8.21088	9.15634	10.2794	11.6328	13.2887	15.3455	17.932	21.1983	25.2573	30	
0	0.135142	0.270898	0.407887	0.546738	0.688095	0.832626	0.981021	1.13401	1.29236	1.45689	1.62849	1.80811	1.99679	2.19568	2.40604	2.62931	2.86709	3.12118	3.39369	3.68701	4.00396	4.34781	4.72249	5.13264	5.58391	6.08314	6.63875	7.26119	7.96353	8.7623	9.67851	10.7391	11.9786	13.4413	15.1825	17.2689	19.7726	22.7524	26.2079	30	
0	0.157551	0.315812	0.475499	0.637341	0.80208	0.970486	1.14336	1.32153	1.50589	1.69737	1.89699	2.10583	2.32508	2.55602	2.80011	3.05893	3.33427	3.62816	3.9429	4.28113	4.6459	5.04076	5.4699	5.93826	6.4517	7.01731	7.64361	8.34099	9.12215	10.0027	11.0018	12.1429	13.4547	14.9712	16.731	18.7748	21.1371	23.8309	26.822	30	
0	0.179249	0.3593	0.540959	0.725045	0.912398	1.10388	1.30039	1.50286	1.71229	1.92972	2.15627	2.39315	2.64166	2.90323	3.17944	3.47203	3.78292	4.1143	4.46862	4.8487	5.25774	5.69944	6.17811	6.69877	7.26734	7.89078	8.57739	9.33701	10.1814	11.1245	12.1829	13.3761	14.7262	16.2576	17.9956	19.9623	22.1702	24.6122	27.249	30	
0	0.200147	0.401179	0.60399	0.809484	1.01859	1.23225	1.45146	1.67725	1.91069	2.15294	2.40522	2.66882	2.94518	3.23581	3.54241	3.86681	4.21107	4.57748	4.9686	5.38731	5.83691	6.32115	6.84432	7.41139	8.02809	8.7011	9.43815	10.2483	11.1419	12.131	13.2294	14.4523	15.8162	17.3376	19.0316	20.9085	22.969	25.1987	27.5619	30	
0	0.220158	0.44128	0.664337	0.890314	1.12021	1.35507	1.59595	1.84397	2.10029	2.36614	2.64283	2.93176	3.23442	3.55243	3.88756	4.24174	4.61709	5.01596	5.44097	5.89504	6.38145	6.90392	7.46663	8.07437	8.73255	9.44737	10.2259	11.076	12.0068	13.0283	14.1514	15.3876	16.7486	18.245	19.8848	21.671	23.5987	25.6517	27.7999	30	
0	0.239205	0.479446	0.721766	0.96722	1.21689	1.47187	1.73331	2.00239	2.28035	2.5685	2.86822	3.18096	3.5083	3.85192	4.21366	4.59549	4.99957	5.4283	5.88428	6.37042	6.88994	7.44644	8.04393	8.6869	9.38037	10.13	10.9419	11.8231	12.7811	13.824	14.9602	16.1982	17.5457	19.009	20.5915	22.2921	24.1033	26.0094	27.9859	30	
0	0.257217	0.515534	0.77606	1.03991	1.30824	1.58221	1.86302	2.15193	2.45023	2.7593	3.08057	3.41556	3.7659	4.13331	4.51967	4.92698	5.35743	5.81338	6.29743	6.81242	7.36146	7.94797	8.57574	9.24892	9.97207	10.7502	11.5887	12.4934	13.4705	14.5264	15.6673	16.8992	18.2269	19.6537	21.18	22.8025	24.5128	26.2968	28.1343	30	
0	0.274127	0.549414	0.827024	1.10814	1.39395	1.6857	1.98464	2.29207	2.60935	2.9379	3.2792	3.63482	4.00642	4.39576	4.80473	5.23534	5.68977	6.17037	6.67965	7.22036	7.79549	8.40825	9.06215	9.76098	10.5088	11.31	12.1693	13.0913	14.0812	15.1437	16.2834	17.5043	18.8091	20.199	21.6725	23.2251	24.8487	26.5307	28.2544	30	
0	0.289879	0.580969	0.874485	1.17166	1.47374	1.782	2.09776	2.42236	2.7572	3.10374	3.46351	3.8381	4.22919	4.63858	5.06814	5.51988	5.99596	6.49866	7.03043	7.5939	8.19189	8.82739	9.50363	10.224	10.9922	11.8119	12.687	13.6215	14.6192	15.6838	16.8184	18.0255	19.3063	20.6605	22.0857	23.5769	25.1262	26.7228	28.3527	30	
0	0.30442	0.610096	0.918289	1.23027	1.54734	1.87081	2.20204	2.54241	2.89335	3.25637	3.633	4.02487	4.43368	4.86122	5.30936	5.78009	6.27553	6.79788	7.34952	7.93293	8.55076	9.2058	9.90096	10.6393	11.424	12.2583	13.1453	14.0883	15.0903	16.1538	17.281	18.473	19.7301	21.0511	22.4329	23.8705	25.3565	26.8815	28.4337	30	
0	0.317706	0.636707	0.958302	1.2838	1.61454	1.95187	2.29717	2.65187	3.01743	3.39537	3.78725	4.19471	4.61945	5.06325	5.52799	6.01561	6.52817	7.06782	7.63682	8.23754	8.87243	9.54407	10.2551	11.0083	11.8063	12.6519	13.5477	14.4963	15.4999	16.5602	17.6786	18.8554	20.0901	21.3808	22.7243	24.1156	25.5479	27.0129	28.5006	30	
0	0.329698	0.660724	0.994409	1.3321	1.67515	2.02495	2.38291	2.75048	3.12914	3.52043	3.92592	4.34726	4.78615	5.24436	5.72373	6.22619	6.75372	7.30841	7.89241	8.50796	9.15736	9.84295	10.5671	11.3323	12.1409	12.9952	13.8973	14.8493	15.8526	16.9086	18.0178	19.1799	20.394	21.6578	22.968	24.3196	25.7067	27.1216	28.5559	30	
0	0.340363	0.68208	1.02651	1.37503	1.72901	2.08987	2.45905	2.838	3.22823	3.63128	4.04874	4.48226	4.93353	5.4043	5.89639	6.41169	6.95212	7.51969	8.11646	8.74454	9.40608	10.1032	10.8382	11.613	12.4299	13.2907	14.1972	15.1508	16.1528	17.2038	18.3039	19.4525	20.6482	21.8885	23.1701	24.4883	25.8375	27.211	28.6012	30	
0	0.349674	0.700723	1.05453	1.41249	1.77599	2.14648	2.5254	2.91423	3.31449	3.72771	4.15551	4.59951	5.0614	5.54292	6.04586	6.57204	7.12337	7.70177	8.3092	8.94767	9.61918	10.3257	11.0693	11.8518	12.675	13.5405	14.4498	15.4041	16.404	17.4499	18.5416	19.6781	20.8577	22.078	23.3356	24.626	25.944	27.2837	28.6381	30	
0	0.357608	0.716609	1.0784	1.44439	1.816	2.19466	2.58185	2.97905	3.38777	3.80958	4.24607	4.69887	5.16965	5.66013	6.17207	6.70726	7.26755	7.85481	8.47091	9.11775	9.79723	10.5112	11.2615	12.0498	12.8776	13.7465	14.6575	15.6116	16.6092	17.6503	18.7344	19.8605	21.0266	22.2303	23.4681	24.736	26.029	27.3415	28.6674	30	
0	0.364149	0.729704	1.09807	1.47068	1.84894	2.23432	2.62829	3.03233	3.44798	3.87678	4.32033	4.78025	5.2582	5.75588	6.27502	6.81739	7.38478	7.979	8.60187	9.2552	9.9408	10.6604	11.4157	12.2082	13.0393	13.9104	14.8223	15.7756	16.7708	17.8076	18.8853	20.0028	21.158	22.3484	23.5707	24.8209	26.0945	27.386	28.6899	30	
0	0.369285	0.739984	1.11351	1.4913	1.87477	2.2654	2.66465	3.07401	3.49502	3.92923	4.37821	4.84359	5.32701	5.83016	6.35474	6.90249	7.47517	8.07454	8.70237	9.3604	10.0504	10.7739	11.5326	12.3279	13.1612	14.0334	14.9455	15.8979	16.8908	17.924	18.9966	20.1073	21.2541	22.4345	23.6453	24.8826	26.1419	27.4182	28.7062	30	
0	0.373009	0.747434	1.1247	1.50622	1.89346	2.28785	2.69089	3.10405	3.52887	3.96689	4.4197	4.88889	5.37611	5.88301	6.4113	6.96268	7.53887	8.14162	8.77265	9.43367	10.1263	10.8523	11.6129	12.4098	13.244	14.1166	15.0283	15.9796	16.9706	18.0009	19.0697	20.1756	21.3167	22.4904	23.6935	24.9222	26.1723	27.4388	28.7166	30	
0	0.375315	0.752047	1.13161	1.51545	1.90498	2.30167	2.70699	3.12244	3.54952	3.98978	4.4448	4.91617	5.40551	5.91448	6.44476	6.99804	7.57602	8.18043	8.81296	9.47529	10.1691	10.8958	11.6571	12.4542	13.2884	14.1606	15.0716	16.0217	17.0111	18.0394	19.1057	20.2088	21.3466	22.5167	23.7159	24.9405	26.1862	27.4482	28.7213	30	
0	0.376206	0.753823	1.13427	1.51896	1.90935	2.30686	2.71298	3.12918	3.55698	3.99792	4.45355	4.92546	5.41528	5.92465	6.45522	7.00869	7.58675	8.19111	8.82346	9.48546	10.1788	10.9049	11.6654	12.4617	13.2948	14.1659	15.0756	16.0245	17.0127	18.0398	19.1051	20.2072	21.3443	22.514	23.713	24.9378	26.1839	27.4465	28.7204	30	
0	0.375684	0.752772	1.13267	1.5168	1.90658	2.30345	2.70887	3.12433	3.55131	3.99136	4.44601	4.91686	5.40551	5.9136	6.44279	6.99475	7.57119	8.1738	8.8043	9.46435	10.1556	10.8797	11.6381	12.4322	13.2633	14.1325	15.0405	15.9881	16.9753	18.002	19.0675	20.1706	21.3095	22.4818	23.6845	24.9136	26.165	27.4335	28.7138	30	
0	0.373758	0.748909	1.12685	1.50898	1.89672	2.29149	2.69474	3.10794	3.53259	3.97019	4.42228	4.89046	5.3763	5.88146	6.40757	6.95634	7.52945	8.12862	8.75558	9.41202	10.0996	10.8201	11.575	12.3657	13.1937	14.0601	14.966	15.912	16.8985	17.9254	18.9923	20.0982	21.2413	22.4194	23.6293	24.8674	26.1289	27.4088	28.7012	30	
0	0.37044	0.742257	1.11683	1.49555	1.87982	2.27104	2.67066	3.08012	3.5009	3.93451	4.38248	4.84638	5.32779	5.82835	6.34972	6.89358	7.46165	8.05566	8.67736	9.32852	10.0109	10.7261	11.4759	12.262	13.0857	13.9484	14.8513	15.7954	16.7811	17.8089	18.8782	19.9885	21.1382	22.3251	23.5462	24.7975	26.0745	27.3715	28.6822	30	
0	0.365745	0.732848	1.10267	1.47658	1.85596	2.24221	2.63673	3.04097	3.45639	3.88448	4.32676	4.78478	5.26013	5.75444	6.26936	6.80661	7.3679	7.955	8.56971	9.21382	9.88916	10.5975	11.3408	12.1206	12.9386	13.7965	14.6956	15.6371	16.6219	17.6506	18.7233	19.8394	20.9978	22.1966	23.4326	24.7021	26.0001	27.3204	28.6562	30	
0	0.359692	0.720719	1.08442	1.45214	1.82524	2.20509	2.59309	2.99065	3.39922	3.82026	4.25529	4.70585	5.17351	5.6599	6.16669	6.69559	7.24834	7.82674	8.43264	9.0679	9.73443	10.4342	11.169	11.9409	12.7517	13.6033	14.4974	15.4354	16.4188	17.4484	18.5248	19.648	20.8172	22.0307	23.2857	24.5783	25.9032	27.2538	28.6223	30	
0	0.352304	0.705916	1.06215	1.42232	1.78777	2.15983	2.53989	2.92932	3.32956	3.74206	4.16829	4.60981	5.06816	5.54497	6.04192	6.56071	7.10313	7.671	8.26621	8.89071	9.5465	10.2356	10.9602	11.7223	12.5241	13.3677	14.2552	15.1885	16.1694	17.1994	18.2796	19.4107	20.5923	21.8233	23.1012	24.4222	25.7807	27.1693	28.5792	30	
0	0.343608	0.688494	1.03594	1.38723	1.74367	2.10658	2.4773	2.85719	3.24765	3.65011	4.06603	4.49692	4.94435	5.40992	5.8953	6.40221	6.93246	7.4879	8.07049	8.68223	9.32523	10.0017	10.7138	11.464	12.2546	13.0882	13.9671	14.8939	15.8708	16.9001	17.9837	19.1227	20.318	21.5689	22.8737	24.2286	25.628	27.0637	28.5251	30	
0	0.333636	0.668513	1.00588	1.34699	1.69311	2.04552	2.40554	2.77449	3.15374	3.54469	3.94879	4.36751	4.8024	5.25505	5.72713	6.22038	6.73659	7.27767	7.84561	8.44249	9.07052	9.73201	10.4294	11.1653	11.9423	12.7633	13.6313	14.5491	15.5199	16.5467	17.6321	18.7786	19.9879	21.2607	22.5959	23.9906	25.4391	26.9322	28.4576	30	
0	0.322421	0.646045	0.972077	1.30174	1.63625	1.97686	2.32484	2.68149	3.04813	3.42614	3.81692	4.22192	4.64268	5.08076	5.53781	6.01558	6.51586	7.04059	7.59179	8.17161	8.78235	9.42645	10.1065	10.8254	11.586	12.3915	13.2455	14.1514	15.1131	16.1345	17.2195	18.3718	19.5945	20.8899	22.2587	23.699	25.2054	26.7684	28.373	30	
0	0.310004	0.621166	0.934651	1.25163	1.57329	1.90083	2.23548	2.5785	2.93117	3.29481	3.67082	4.06059	4.46563	4.88749	5.32779	5.78825	6.27069	6.77703	7.30934	7.86981	8.46082	9.08492	9.74488	10.4437	11.1847	11.9714	12.8077	13.6979	14.6466	15.6588	16.7396	17.8944	19.1284	20.4459	21.85	23.3411	24.9153	26.5628	28.2661	30	
0	0.296428	0.593966	0.89373	1.19684	1.50444	1.81769	2.13775	2.46585	2.80322	3.15114	3.51094	3.884	4.27178	4.67578	5.0976	5.53894	6.0016	6.48751	6.99872	7.53748	8.1062	8.70753	9.34436	10.0199	10.7377	11.5016	12.316	13.1859	14.1167	15.1144	16.1858	17.338	18.5786	19.9152	21.3543	22.9	24.5519	26.3015	28.1287	30	
0	0.281741	0.56454	0.84946	1.13757	1.42996	1.72773	2.032	2.34393	2.66471	2.99558	3.33779	3.6927	4.06169	4.44624	4.8479	5.26832	5.70928	6.17268	6.66056	7.17518	7.71897	8.29463	8.90515	9.55385	10.2445	10.9812	11.7689	12.613	13.5198	14.4964	15.551	16.6931	17.933	19.282	20.7519	22.3529	24.0909	25.9625	27.9472	30	
0	0.265996	0.532994	0.801997	1.07402	1.35009	1.63126	1.91858	2.21316	2.51613	2.82866	3.15196	3.48731	3.83605	4.19959	4.57943	4.97716	5.39452	5.83335	6.29568	6.78371	7.29987	7.84688	8.42775	9.04589	9.70516	10.41	11.1654	11.9775	12.8531	13.8003	14.8289	15.9503	17.1781	18.5281	20.0185	21.6686	23.4962	25.5104	27.6976	30	
0	0.249251	0.499441	0.751515	1.00642	1.26513	1.52863	1.79791	2.07401	2.35799	2.65097	2.95408	3.26854	3.59561	3.93664	4.29305	4.66639	5.05828	5.47053	5.90509	6.36409	6.84994	7.36527	7.91309	8.4968	9.12028	9.78805	10.5054	11.2784	12.1147	13.0229	14.014	15.1012	16.3009	17.6338	19.1253	20.8069	22.7149	24.8852	27.3329	30	
0	0.231565	0.464005	0.698197	0.935027	1.17539	1.42021	1.67042	1.92697	2.19087	2.46314	2.74486	3.03715	3.34122	3.65831	3.98977	4.33704	4.70169	5.0854	5.49004	5.91765	6.37051	6.85117	7.36254	7.90792	8.49112	9.11658	9.78955	10.5163	11.3042	12.1626	13.1029	14.1395	15.2907	16.5808	18.0421	19.7187	21.6714	23.9826	26.7488	30	
0	0.213006	0.426816	0.64224	0.860093	1.0812	1.30641	1.53657	1.77259	2.01537	2.26586	2.52506	2.794	3.07379	3.3656	3.67067	3.99033	4.32603	4.67935	5.05202	5.44595	5.86327	6.30637	6.77799	7.28122	7.81969	8.39762	9.01999	9.6928	10.4233	11.2205	12.0956	13.0631	14.1416	15.3567	16.7437	18.3544	20.2694	22.625	25.6798	30	
0	0.193642	0.388015	0.583855	0.781902	0.98291	1.18764	1.39689	1.61144	1.83215	2.05987	2.2955	2.54	2.79436	3.05964	3.33697	3.62757	3.93276	4.25396	4.59275	4.95087	5.33025	5.73307	6.16181	6.61929	7.10881	7.6342	8.19999	8.81164	9.47574	10.2005	10.996	11.8755	12.856	13.9606	15.2215	16.6858	18.4267	20.5681	23.3452	30	
